P 14 14 0 11 1
P 15.4099422437 20.0849974275 1 100 5
P 12.05440509 19.9354689174 2 100 5
P 13.5237106142 24.688307728 0 18 3
P 13.4747430218 25.7871789432 0 77 3
P 18.5642338892 7.13056451195 0 13 5
P 10.0648714279 6.75181829417 0 13 5
P 20.9244503488 13.9821693205 0 9 4
P 7.1045815453 13.3663321841 0 9 4
P 16.7697890284 4.63948693249 0 47 5
P 12.0737772044 4.43022456427 0 47 5
P 24.2321365002 15.0646080523 0 21 2
P 3.71372633679 14.1502723854 0 21 2
P 17.7868325935 16.2743220378 0 73 1
P 10.0258832803 15.9284807807 0 73 1
P 10.7879782581 22.4651941529 0 58 1
P 16.446338432 22.7173404197 0 58 1
P 3.824185997 7.83129799893 0 4 5
P 24.684167312 8.76085466417 0 4 5
