P 14 14 0 46 4
P 6.44979879314 22.4537388409 1 100 5
P 21.5502012069 5.54626115914 2 100 5
P 9.39410378139 9.88638307345 0 4 5
P 18.6058962186 18.1136169266 0 4 5
P 8.02777063075 8.66608393751 0 49 5
P 19.9722293693 19.3339160625 0 49 5
P 3.9931014497 19.6329890109 0 16 5
P 24.0068985503 8.36701098914 0 16 5
P 22.8978645456 11.2426176364 0 84 3
P 5.10213545437 16.7573823636 0 84 3
P 13.8640339761 21.5426707403 0 40 3
P 14.1359660239 6.45732925969 0 40 3
P 25.0193507275 14.0818586869 0 14 4
P 2.9806492725 13.9181413131 0 14 4
P 20.1856560552 21.7691585703 0 41 2
P 7.81434394476 6.23084142974 0 41 2
P 23.5137284233 7.40105821024 0 100 5
P 4.48627157665 20.5989417898 0 100 5
P 13.1093221655 5.38607339865 0 19 1
P 14.8906778345 22.6139266014 0 19 1
P 2.18387526707 15.0387318174 0 57 4
P 25.8161247329 12.9612681826 0 57 4
P 10.6300368896 11.3904908782 0 38 1
P 17.3699631104 16.6095091218 0 38 1
