P 14 14 0 1 5
P 19.6158802157 10.0239276864 1 100 5
P 8.38411978431 17.9760723136 2 100 5
P 7.26736334292 4.4906958376 0 46 2
P 20.7326366571 23.5093041624 0 46 2
P 13.1800952414 8.41071815077 0 40 4
P 14.8199047586 19.5892818492 0 40 4
P 14.4887019636 3.70964153187 0 87 4
P 13.5112980364 24.2903584681 0 87 4
P 18.0200515425 16.2533619007 0 69 5
P 9.97994845752 11.7466380993 0 69 5
P 13.9101876985 6.03464684867 0 65 2
P 14.0898123015 21.9653531513 0 65 2
P 8.49542381904 21.3717722136 0 10 2
P 19.504576181 6.62822778643 0 10 2
P 15.359146707 6.53244554464 0 20 5
P 12.640853293 21.4675544554 0 20 5
