P 14 14 0 90 1
P 18.3436157738 6.79263723348 1 100 5
P 9.65638422623 21.2073627665 2 100 5
P 4.24546430727 8.12129561487 0 83 1
P 23.7545356927 19.8787043851 0 83 1
P 6.71036217488 9.60680003657 0 67 4
P 21.2896378251 18.3931999634 0 67 4
P 14.3723490185 22.9481266132 0 75 2
P 13.6276509815 5.05187338676 0 75 2
P 10.9338530852 11.6641227903 0 69 1
P 17.0661469148 16.3358772097 0 69 1
P 5.72366700645 11.3254799124 0 77 3
P 22.2763329935 16.6745200876 0 77 3
P 10.1243640956 8.07337673429 0 4 1
P 17.8756359044 19.9266232657 0 4 1
P 20.8019973503 5.26125691586 0 74 5
P 7.19800264969 22.7387430841 0 74 5
