P 14 14 0 47 4
P 21.7048262597 11.8073880735 1 100 5
P 6.29517374025 16.1926119265 2 100 5
P 10.8557737562 2.95120625923 0 47 3
P 17.1442262438 25.0487937408 0 47 3
P 12.4216942959 8.45384242969 0 94 5
P 15.5783057041 19.5461575703 0 94 5
P 24.8383918412 10.9785327124 0 22 5
P 3.16160815877 17.0214672876 0 22 5
P 15.717032289 4.71637249707 0 71 1
P 12.282967711 23.2836275029 0 71 1
P 24.5930322858 15.5582538107 0 34 1
P 3.40696771423 12.4417461893 0 34 1
P 18.3740504786 14.2404633287 0 89 3
P 9.62594952136 13.7595366713 0 89 3
P 6.24419611003 17.4577739557 0 35 4
P 21.75580389 10.5422260443 0 35 4
P 5.99989108303 12.6414792978 0 97 1
P 22.000108917 15.3585207022 0 97 1
P 4.87428885461 9.21345882988 0 20 5
P 23.1257111454 18.7865411701 0 20 5
P 8.06877923282 16.9367985969 0 28 5
P 19.9312207672 11.0632014031 0 28 5
