P 14 14 0 48 4
P 22.0374687801 18.5714212746 1 100 5
P 5.96253121992 9.42857872536 2 100 5
P 8.74843504278 23.233296792 0 14 1
P 19.2515649572 4.76670320795 0 14 1
P 10.6867554919 19.825343519 0 93 3
P 17.3132445081 8.174656481 0 93 3
P 13.8315597689 9.33495271187 0 1 3
P 14.1684402311 18.6650472881 0 1 3
P 8.19533984245 6.09474822424 0 45 2
P 19.8046601576 21.9052517758 0 45 2
P 17.6095078555 18.9528808434 0 62 2
P 10.3904921445 9.04711915656 0 62 2
P 6.62014244971 7.16200904217 0 38 1
P 21.3798575503 20.8379909578 0 38 1
P 18.7005754247 23.6316510663 0 31 2
P 9.29942457533 4.36834893371 0 31 2
P 15.9519113951 24.0369522177 0 62 2
P 12.0480886049 3.96304778228 0 62 2
