P 14 14 0 78 1
P 18.1298064892 7.56367889344 1 100 5
P 9.87019351084 20.4363211066 2 100 5
P 8.8178947302 10.6749496154 0 68 5
P 19.1821052698 17.3250503846 0 68 5
P 10.4624148154 7.9042390306 0 50 3
P 17.5375851846 20.0957609694 0 50 3
P 9.92154860027 21.7635758271 0 50 3
P 18.0784513997 6.23642417289 0 50 3
P 14.6801449717 7.68072232781 0 57 3
P 13.3198550283 20.3192776722 0 57 3
P 19.7812975326 8.19424639274 0 60 2
P 8.2187024674 19.8057536073 0 60 2
P 18.5266928185 9.68564098301 0 52 5
P 9.47330718145 18.314359017 0 52 5
P 9.52770757648 15.0362323425 0 82 2
P 18.4722924235 12.9637676575 0 82 2
