P 14 14 0 91 3
P 22.1792211756 5.34510989486 1 100 5
P 5.82077882442 22.6548901051 2 100 5
P 6.91435557622 7.30377945767 0 42 2
P 21.0856444238 20.6962205423 0 42 2
P 7.88754982955 8.22348738557 0 54 3
P 20.1124501705 19.7765126144 0 54 3
P 23.1825464585 6.56006552343 0 79 1
P 4.81745354154 21.4399344766 0 79 1
P 11.986676322 6.22312081229 0 78 4
P 16.013323678 21.7768791877 0 78 4
P 9.66385665589 6.05468538256 0 39 4
P 18.3361433441 21.9453146174 0 39 4
P 7.93086117743 13.8161973347 0 53 4
P 20.0691388226 14.1838026653 0 53 4
P 11.5741619572 25.2965364621 0 16 1
P 16.4258380428 2.70346353788 0 16 1
