P 14 14 0 98 3
P 18.9503452746 8.101041034 1 100 5
P 9.04965472539 19.898958966 2 100 5
P 5.34422088351 6.73615980475 0 88 3
P 22.6557791165 21.2638401953 0 88 3
P 7.35782303813 8.42595388003 0 56 4
P 20.6421769619 19.57404612 0 56 4
P 3.93746603871 14.0098798489 0 81 3
P 24.0625339613 13.9901201511 0 81 3
P 14.6217961333 6.33158774676 0 88 3
P 13.3782038667 21.6684122532 0 88 3
P 16.5118319337 23.4269752596 0 83 1
P 11.4881680663 4.57302474042 0 83 1
P 20.6358900994 21.1212265321 0 15 4
P 7.3641099006 6.87877346786 0 15 4
P 19.3330150096 23.361704414 0 59 3
P 8.66698499041 4.63829558598 0 59 3
P 22.7125325534 9.87138583805 0 78 4
P 5.28746744656 18.1286141619 0 78 4
P 11.9487494064 25.6896783575 0 89 4
P 16.0512505936 2.31032164253 0 89 4
