P 14 14 0 49 3
P 21.5616774714 16.0607783558 1 100 5
P 6.43832252857 11.9392216442 2 100 5
P 12.1225253498 20.8890755406 0 78 2
P 15.8774746502 7.11092445939 0 78 2
P 10.7928113364 10.5268150962 0 16 4
P 17.2071886636 17.4731849038 0 16 4
P 8.55109639048 16.6803367453 0 2 5
P 19.4489036095 11.3196632547 0 2 5
P 11.0123282247 4.67902669851 0 24 1
P 16.9876717753 23.3209733015 0 24 1
P 19.8847277071 23.0999146038 0 65 3
P 8.11527229294 4.9000853962 0 65 3
P 8.23926680051 14.8902121168 0 70 1
P 19.7607331995 13.1097878832 0 70 1
