P 14 14 0 3 3
P 16.7603087951 19.6466494513 1 100 5
P 11.2396912049 8.35335054873 2 100 5
P 3.55792451519 19.1045054325 0 90 3
P 24.4420754848 8.89549456749 0 90 3
P 12.7401911003 4.26613549427 0 95 4
P 15.2598088997 23.7338645057 0 95 4
P 19.48565176 18.0388778846 0 24 4
P 8.51434824 9.96112211537 0 24 4
P 21.4412489428 9.45533521394 0 99 2
P 6.55875105717 18.5446647861 0 99 2
P 10.5724864979 15.4706745461 0 43 4
P 17.4275135021 12.5293254539 0 43 4
P 17.8079008817 14.6865386164 0 26 1
P 10.1920991183 13.3134613836 0 26 1
P 6.1609492672 14.01226473 0 15 3
P 21.8390507328 13.98773527 0 15 3
P 22.6110189169 5.76487380257 0 28 4
P 5.38898108312 22.2351261974 0 28 4
P 13.7307380462 24.1980021152 0 30 1
P 14.2692619538 3.80199788481 0 30 1
