P 14 14 0 14 1
P 23.671147601 7.31381907803 1 100 5
P 4.32885239898 20.686180922 2 100 5
P 17.9164874425 22.1714065631 0 56 3
P 10.0835125575 5.82859343695 0 56 3
P 16.3362545536 3.49201495669 0 16 5
P 11.6637454464 24.5079850433 0 16 5
P 16.137120517 19.6722891269 0 88 1
P 11.862879483 8.32771087309 0 88 1
P 21.9246481927 13.6707780026 0 55 3
P 6.07535180729 14.3292219974 0 55 3
P 18.5913803309 5.19460546072 0 29 1
P 9.40861966907 22.8053945393 0 29 1
P 7.47420903874 6.06436735609 0 91 3
P 20.5257909613 21.9356326439 0 91 3
