P 14 14 0 80 1
P 7.98602363511 9.90003617484 1 100 5
P 7.44682180426 17.1675654089 2 100 5
P 22.288893384 7.17796410726 0 1 2
P 21.1913815629 21.9705682652 0 1 2
P 11.4221299454 23.4837842084 0 98 4
P 12.8499171078 4.23962673506 0 98 4
P 19.0633626988 6.35610982111 0 69 5
P 17.8798827597 22.3074188927 0 69 5
P 21.1434544147 4.81014240986 0 22 1
P 19.7090545903 24.1434273885 0 22 1
P 8.85366751149 22.9980683974 0 73 5
P 10.2378976778 4.34098560493 0 73 5
P 20.3627497948 7.00283367961 0 5 3
P 19.2604826134 21.8595320561 0 5 3
