P 14 14 0 90 4
P 11.1647369232 21.2306184274 1 100 5
P 18.1556327497 7.43865288173 2 100 5
P 3.97779202443 8.91992554096 0 69 5
P 9.83273491672 11.887689323 0 54 3
P 17.4546146604 10.1473403693 0 71 5
P 12.9349739377 19.0638985148 0 71 5
P 14.4897583345 21.655482017 0 84 4
P 20.463987084 9.8692447279 0 84 4
P 10.6105818679 10.0685645718 0 82 3
P 8.82538542749 13.5904834229 0 82 3
P 21.7645101547 22.8585720204 0 46 5
P 25.7350122061 15.0253802734 0 46 5
P 11.9023162386 4.04033354692 0 49 4
P 4.72702342172 18.1960860809 0 49 4
P 3.28002628701 13.1137154596 0 36 5
P 6.94774617567 5.8778664939 0 36 5
P 4.17217483553 15.945039211 0 14 2
P 9.75874187643 4.92359903238 0 14 2
