P 14 14 0 8 1
P 18.410392323 3.01119154953 1 100 5
P 9.589607677 24.9888084505 2 100 5
P 10.822067439 12.7245269191 0 36 5
P 17.177932561 15.2754730809 0 36 5
P 3.38292294148 9.73880322305 0 62 3
P 24.6170770585 18.2611967769 0 62 3
P 20.9110076392 8.4701592503 0 8 4
P 7.08899236077 19.5298407497 0 8 4
P 12.1971100355 4.71507088677 0 22 3
P 15.8028899645 23.2849291132 0 22 3
P 4.26447859226 9.05481591327 0 9 4
P 23.7355214077 18.9451840867 0 9 4
P 25.8916876384 14.7510711749 0 89 2
P 2.1083123616 13.2489288251 0 89 2
P 7.84563729518 10.4430389995 0 62 3
P 20.1543627048 17.5569610005 0 62 3
P 11.1387301033 5.75103952519 0 36 5
P 16.8612698967 22.2489604748 0 36 5
P 14.3048012781 21.015727675 0 56 2
P 13.6951987219 6.984272325 0 56 2
P 25.7280344663 12.3857520105 0 75 5
P 2.27196553367 15.6142479895 0 75 5
P 19.0075635314 4.55464584632 0 56 1
P 8.99243646864 23.4453541537 0 56 1
