P 14 14 0 81 0
P 3.752393243 9.89686838038 1 100 5
P 5.48884993921 21.0291861532 2 100 5
P 10.8103237793 14.4975365189 0 26 4
P 2.53691636322 15.7880506779 0 49 5
P 8.02659371464 14.9317521791 0 89 2
P 5.53577956462 15.3202778211 0 34 5
P 12.1607508502 8.5512721501 0 27 4
P 13.9075722442 19.7500373675 0 27 4
P 25.4192165828 14.5520934262 0 3 5
P 24.7085940202 9.99633560017 0 3 5
P 13.5862516533 3.46405336479 0 30 3
P 16.8146999406 24.1614380596 0 30 3
P 19.3658901734 18.5818187085 0 5 1
P 17.7155558993 8.0016265213 0 5 1
P 12.5180224486 9.87284910264 0 77 5
P 13.8453762965 18.3824335138 0 77 5
