P 14 14 0 55 3
P 7.78430217019 5.90608487475 1 100 5
P 23.5220676711 10.3289526246 2 100 5
P 12.3899613343 19.728955149 0 63 5
P 11.9274333318 21.3747554877 0 8 2
P 10.7580678274 8.37924587704 0 41 4
P 19.6953210865 10.8909295852 0 41 4
P 3.70835910396 19.6455345514 0 45 5
P 19.8440419872 24.1802311347 0 45 5
P 12.2961798871 5.36124434529 0 54 4
P 19.9545465401 7.51351576422 0 54 4
P 13.8523674742 19.5254217366 0 90 5
P 11.2476760683 18.7934114893 0 90 5
P 21.5499069601 15.0663156615 0 27 3
P 6.99991868847 10.9772552493 0 27 3
P 3.80160798031 12.7076056916 0 13 3
P 23.3786014261 18.2094320432 0 13 3
P 5.02652034873 19.1536923725 0 96 2
P 18.9750722288 23.0737279241 0 96 2
P 6.93589896604 16.6627215998 0 35 2
P 18.6428394397 19.952785203 0 35 2
P 14.2556891046 21.5238274378 0 6 1
P 9.86237615868 20.2891513878 0 6 1
P 18.6698180772 3.11622894565 0 60 3
P 15.6834923165 2.27696597044 0 60 3
P 7.61166035698 21.9322630192 0 68 4
P 15.3209606659 24.0988485938 0 68 4
P 17.4005255409 13.7073403971 0 76 5
P 11.2497622908 11.9787587625 0 76 5
