P 14 14 0 52 4
P 22.2370391639 11.4112528168 1 100 5
P 12.8100028281 5.44813862971 2 100 5
P 19.7722155598 4.87475367511 0 31 1
P 15.6684938166 11.3622923624 0 81 1
P 17.9170112323 7.80763036616 0 21 1
P 5.42208093328 16.3526909827 0 44 5
P 15.5493379606 22.758732914 0 44 5
P 17.1366890894 22.9424952434 0 66 3
P 4.57594849564 14.9971423492 0 66 3
P 11.4994708938 16.7055932878 0 17 5
P 12.6266471268 17.418593678 0 17 5
P 14.8142582388 2.37608190068 0 76 2
P 24.1541421891 8.28406745472 0 76 2
P 3.87701805966 12.2668957438 0 30 4
P 19.9031062041 22.4042698 0 30 4
P 17.3922290573 4.55919934932 0 1 5
P 21.0770307226 6.89003719743 0 1 5
P 7.41969250261 10.0290044506 0 47 1
P 20.4073576944 18.2444104173 0 47 1
P 15.401720413 19.5195182984 0 30 1
P 8.41217896584 15.0982524541 0 30 1
P 5.10824703 17.7338999687 0 64 4
P 14.4357812158 23.6340736237 0 64 4
