P 14 14 0 41 2
P 12.9686640826 10.0693713274 1 100 5
P 15.0313359174 17.9306286726 2 100 5
P 5.90986310143 16.122726275 0 34 4
P 22.0901368986 11.877273725 0 34 4
P 8.27044411223 4.15214629219 0 36 5
P 19.7295558878 23.8478537078 0 36 5
P 9.41577009922 21.2055465724 0 62 5
P 18.5842299008 6.79445342758 0 62 5
P 6.76217710586 5.79578097824 0 29 2
P 21.2378228941 22.2042190218 0 29 2
P 14.3964794985 22.8130242804 0 36 3
P 13.6035205015 5.18697571964 0 36 3
P 15.4078165067 25.4707955243 0 27 4
P 12.5921834933 2.52920447569 0 27 4
P 18.1547258906 14.4238843824 0 22 1
P 9.84527410938 13.5761156176 0 22 1
P 20.4621191304 9.86133585747 0 89 4
P 7.53788086957 18.1386641425 0 89 4
P 15.3871638997 8.41031429592 0 14 2
P 12.6128361003 19.5896857041 0 14 2
