P 14 14 0 18 5
P 21.6354883997 10.4771873111 1 100 5
P 5.60272113472 13.5566040131 2 100 5
P 14.7264461855 17.7821911582 0 79 2
P 16.0661709683 24.7573743569 0 28 4
P 15.1895085103 20.1930927024 0 1 2
P 15.5702477128 22.1753846798 0 18 1
P 19.1990070799 3.65616046823 0 6 1
P 5.33882193304 6.31828890361 0 6 1
P 19.0388389488 16.3917770828 0 41 5
P 10.205798554 18.0883408557 0 41 5
P 21.0571863091 6.84793080576 0 90 4
P 4.79533052593 9.97134858366 0 90 4
P 9.78445942738 3.00873996136 0 18 4
P 13.8436078229 2.22909854585 0 18 4
P 10.7150173349 21.6480531485 0 15 1
P 19.8846328429 19.8868433286 0 15 1
P 14.5434840786 21.3123651415 0 56 4
P 16.2042243859 20.9933864302 0 56 4
