P 14 14 0 32 5
P 21.4139284408 19.7157228822 1 100 5
P 5.97104810721 9.18629513833 2 100 5
P 19.5351892356 5.88186983493 0 6 5
P 18.0288230677 11.64484847 0 10 2
P 14.7207194365 9.38928231901 0 10 2
P 9.61170814178 13.186543269 0 94 5
P 16.360230815 17.7878922616 0 94 5
P 13.0149401677 20.0272617416 0 8 5
P 8.74908375037 17.1186704722 0 8 5
P 8.27200709231 6.91885073694 0 33 2
P 22.684168944 16.7455031212 0 33 2
P 12.2533747261 2.64104238857 0 53 1
P 25.2120143939 11.4766389284 0 53 1
P 7.00151419204 22.8372636109 0 65 2
P 8.32989718059 23.7429957277 0 65 2
P 24.9256941884 10.3660745509 0 56 2
P 13.3917824689 2.50190106569 0 56 2
P 9.16303738171 19.258130877 0 87 4
P 10.8721156194 20.4234326487 0 87 4
P 7.12162532494 10.6874938566 0 7 1
P 19.5961789476 19.1930257372 0 7 1
P 5.60226336231 7.56429987237 0 35 3
P 23.0585477785 19.4665280492 0 35 3
