P 14 14 0 82 1
P 11.2632097088 24.5981931418 1 100 5
P 16.7367902912 3.40180685825 2 100 5
P 17.371036359 20.1082687826 0 98 2
P 10.628963641 7.8917312174 0 98 2
P 3.38981560069 10.8608035924 0 13 3
P 24.6101843993 17.1391964076 0 13 3
P 9.29271906799 21.4155314216 0 17 5
P 18.707280932 6.58446857838 0 17 5
P 15.8362821262 21.7122110528 0 31 5
P 12.1637178738 6.28778894717 0 31 5
P 24.1928774023 18.6383569158 0 73 5
P 3.80712259772 9.36164308416 0 73 5
P 23.9956822746 14.9306740644 0 48 2
P 4.00431772542 13.0693259356 0 48 2
P 14.3265410153 25.472413842 0 75 3
P 13.6734589847 2.52758615803 0 75 3
P 20.8878047925 23.1789596836 0 33 2
P 7.1121952075 4.82104031641 0 33 2
P 18.4887664703 5.53475526406 0 72 4
P 9.51123352975 22.4652447359 0 72 4
