P 14 14 0 74 3
P 2.54145783456 17.5183086098 1 100 5
P 25.4585421654 10.4816913902 2 100 5
P 11.5170239701 5.91336272915 0 73 1
P 16.4829760299 22.0866372709 0 73 1
P 24.5848264491 11.7125060556 0 39 1
P 3.41517355089 16.2874939444 0 39 1
P 17.5104692116 14.8779709707 0 16 4
P 10.4895307884 13.1220290293 0 16 4
P 20.9296039877 15.397517867 0 30 1
P 7.0703960123 12.602482133 0 30 1
P 6.13273103473 7.05818287261 0 49 1
P 21.8672689653 20.9418171274 0 49 1
P 18.0535041545 13.4320395818 0 1 2
P 9.94649584551 14.5679604182 0 1 2
P 17.8728153216 22.6640236309 0 69 4
P 10.1271846784 5.3359763691 0 69 4
P 21.4561451834 11.2685425004 0 94 4
P 6.54385481657 16.7314574996 0 94 4
P 14.4882124724 21.0230935145 0 73 4
P 13.5117875276 6.97690648549 0 73 4
