P 14 14 0 22 1
P 6.82085866995 12.5741846208 1 100 5
P 21.17914133 15.4258153792 2 100 5
P 12.1169909071 23.4811632704 0 44 1
P 15.8830090929 4.51883672955 0 44 1
P 15.9116878438 3.39374323071 0 99 3
P 12.0883121562 24.6062567693 0 99 3
P 18.8569836186 21.6397481616 0 46 4
P 9.14301638136 6.36025183845 0 46 4
P 6.9834102832 9.9343655907 0 49 1
P 21.0165897168 18.0656344093 0 49 1
P 6.00849610844 13.5110974314 0 22 3
P 21.9915038916 14.4889025686 0 22 3
P 13.7516204953 5.43859329506 0 38 5
P 14.2483795047 22.5614067049 0 38 5
P 13.6930961345 20.5183068549 0 46 1
P 14.3069038655 7.48169314509 0 46 1
P 20.3507947934 20.961318177 0 45 1
P 7.6492052066 7.038681823 0 45 1
P 15.3760359143 25.5080606841 0 78 2
P 12.6239640857 2.49193931587 0 78 2
P 10.8259803853 23.7654696435 0 62 1
P 17.1740196147 4.23453035648 0 62 1
P 9.29559768537 12.1787320761 0 59 3
P 18.7044023146 15.8212679239 0 59 3
P 23.869051228 16.7739339641 0 53 1
P 4.13094877199 11.2260660359 0 53 1
P 7.30073846092 5.01056128228 0 51 1
P 20.6992615391 22.9894387177 0 51 1
