P 14 14 0 60 5
P 13.7413490363 3.46420913314 1 100 5
P 14.2586509637 24.5357908669 2 100 5
P 3.83616587667 14.249519521 0 4 5
P 24.1638341233 13.750480479 0 4 5
P 7.65507870844 14.1557661904 0 34 4
P 20.3449212916 13.8442338096 0 34 4
P 16.4713562066 8.46500722727 0 63 5
P 11.5286437934 19.5349927727 0 63 5
P 3.93880346826 19.7058519118 0 85 2
P 24.0611965317 8.29414808821 0 85 2
P 17.1034451874 6.09451215814 0 40 4
P 10.8965548126 21.9054878419 0 40 4
P 7.20646421035 6.70399685755 0 30 1
P 20.7935357897 21.2960031424 0 30 1
P 4.54608931129 16.7233645832 0 93 4
P 23.4539106887 11.2766354168 0 93 4
P 10.0047928859 6.25398825284 0 84 1
P 17.9952071141 21.7460117472 0 84 1
P 20.4584795278 19.0969636375 0 36 2
P 7.54152047225 8.90303636254 0 36 2
P 20.0586294736 4.8867804751 0 70 4
P 7.94137052645 23.1132195249 0 70 4
