P 14 14 0 77 2
P 20.6484311464 9.11017494164 1 100 5
P 7.16507431923 18.625561236 2 100 5
P 7.23983642539 4.42080953239 0 24 1
P 8.10346222622 5.64457223393 0 28 3
P 11.4358757597 10.3666212793 0 21 2
P 8.73021758766 6.53268816744 0 8 2
P 21.1354455385 16.3640847173 0 22 3
P 13.8364278124 21.5150997148 0 22 3
P 20.4652023993 18.8273780678 0 52 5
P 16.38190134 21.7090185549 0 52 5
P 7.26005440288 10.7808186098 0 28 4
P 13.22538431 6.57100504725 0 28 4
P 9.3518243478 10.0557788813 0 61 3
P 11.8413391265 8.29889481237 0 61 3
P 6.72758317476 17.1393069312 0 57 5
P 19.3946974577 8.19995398055 0 57 5
P 22.3694008902 10.7767750192 0 61 1
P 8.15865260562 20.8054912501 0 61 1
P 24.2908432631 12.951362762 0 59 3
P 9.56367518925 23.3445233852 0 59 3
P 14.75958684 3.26132066332 0 71 5
P 3.62762140796 11.1172984187 0 71 5
