P 14 14 0 4 0
P 10.9053539168 22.7803685198 1 100 5
P 4.84620627412 15.6969873738 2 100 5
P 5.58872558169 21.1950319366 0 51 1
P 8.3077666487 18.8691552215 0 14 1
P 9.70257851903 17.6760285377 0 77 2
P 7.29712404538 19.7336622445 0 23 5
P 5.03740192259 10.0543808217 0 34 4
P 16.5094542384 23.4656597458 0 34 4
P 15.316914809 20.3194685857 0 58 3
P 7.96085324906 11.7199442244 0 58 3
P 5.49707916427 12.5883622348 0 60 1
P 14.0772826577 22.6189565093 0 60 1
P 19.176272212 21.8238795306 0 22 4
P 7.07251542457 7.67411331282 0 22 4
P 3.0350369038 18.0452492753 0 48 4
P 8.30484957448 24.2058668927 0 48 4
P 4.60009797975 11.2129944711 0 84 1
P 15.2970802134 23.7181860822 0 84 1
P 14.6340725351 2.46935264073 0 50 4
P 25.4896632081 15.1599637357 0 50 4
P 16.8957119445 18.2563774824 0 83 1
P 10.2436296895 10.4798325284 0 83 1
