P 14 14 0 33 0
P 20.3766523692 4.97932713881 1 100 5
P 7.62334763077 23.0206728612 2 100 5
P 9.69061296727 10.9537235797 0 23 1
P 18.3093870327 17.0462764203 0 23 1
P 16.1233342973 18.1855527565 0 20 1
P 11.8766657027 9.81444724354 0 20 1
P 7.83112335254 5.21552896526 0 65 4
P 20.1688766475 22.7844710347 0 65 4
P 22.1395721419 6.58131015437 0 50 2
P 5.86042785806 21.4186898456 0 50 2
P 19.4420267556 9.82202671874 0 76 2
P 8.55797324443 18.1779732813 0 76 2
P 4.45855084226 12.3262093455 0 91 1
P 23.5414491577 15.6737906545 0 91 1
