P 14 14 0 32 1
P 11.8923244438 17.0295346514 1 100 5
P 16.1076755562 10.9704653486 2 100 5
P 8.09574019083 9.89235129837 0 21 3
P 19.9042598092 18.1076487016 0 21 3
P 11.9753973012 4.14995380268 0 21 2
P 16.0246026988 23.8500461973 0 21 2
P 19.6703595709 19.662466303 0 58 3
P 8.32964042915 8.33753369698 0 58 3
P 21.6519792555 18.3385625251 0 68 1
P 6.3480207445 9.66143747487 0 68 1
P 14.7547874458 21.9906301827 0 3 2
P 13.2452125542 6.00936981725 0 3 2
P 12.3079195867 20.7619175784 0 73 4
P 15.6920804133 7.23808242159 0 73 4
