P 14 14 0 4 2
P 6.11031067847 12.2225150505 1 100 5
P 14.7329025987 5.94583932883 2 100 5
P 8.83747874654 6.90797931544 0 34 1
P 10.1248662863 8.67652972187 0 7 5
P 7.4695404581 5.02877220704 0 9 5
P 10.8116763712 9.62003602222 0 74 1
P 13.7902675628 9.74695067971 0 5 5
P 10.0171723143 12.4935140751 0 5 5
P 11.7654647827 7.8519834168 0 19 4
P 8.83608140302 9.98438046268 0 19 4
P 4.81218501349 17.5068625823 0 56 1
P 20.1604746509 6.33432446073 0 56 1
P 23.0510049183 7.449578354 0 7 2
P 4.98526155927 20.6002427695 0 7 2
