P 14 14 0 45 5
P 10.4350958075 11.8871464488 1 100 5
P 15.2258777018 10.0414755412 2 100 5
P 16.4117332223 20.2601018459 0 11 3
P 17.8413389893 23.9709093339 0 15 3
P 17.0095828637 21.8119317119 0 72 4
P 18.2302839047 24.9804881549 0 69 5
P 14.5814785149 15.5093355645 0 60 4
P 19.3274526594 8.28896584824 0 27 3
P 6.21788019955 13.3394893398 0 27 3
P 4.64524230411 20.047423468 0 38 3
P 24.9941461711 12.2079140316 0 38 3
P 6.13616449611 7.42753519679 0 79 1
P 15.4215439895 3.85029975281 0 79 1
P 19.4192593939 20.3960730104 0 49 2
P 14.2728151615 22.3787644805 0 49 2
P 24.446829023 19.2845452007 0 74 4
P 9.79900812459 24.9276860257 0 74 4
P 15.7793976746 2.59440089813 0 75 3
P 5.02818911907 6.73635377557 0 75 3
P 22.5077120516 19.9923592864 0 43 2
P 11.7117980316 24.151535151 0 43 2
