P 14 14 0 11 5
P 21.5129564392 16.3116886771 1 100 5
P 9.42219634487 20.390002558 2 100 5
P 14.6061996857 15.7971679431 0 17 1
P 15.976817882 19.8605667586 0 62 1
P 16.7175016192 22.0564324114 0 64 2
P 17.6364907734 24.7809106435 0 49 1
P 15.0527283781 17.120967791 0 72 2
P 5.21314950619 7.66154473174 0 61 3
P 17.1524110587 3.63433256826 0 61 3
P 9.54671722201 7.87255450315 0 81 3
P 13.8320359148 6.42708088756 0 81 3
P 9.1039761491 23.7991072532 0 8 3
P 23.8310623335 18.8315386684 0 8 3
P 5.74494893556 18.4773874392 0 7 5
P 23.2804375719 12.5625213632 0 7 5
P 3.59293947741 14.0857589217 0 84 5
P 22.3327566584 7.76466281701 0 84 5
P 6.6246612595 5.92995005867 0 56 3
P 14.980452847 3.11147210099 0 56 3
P 10.4921549694 21.0539151379 0 91 1
P 21.063732192 17.4880342673 0 91 1
