P 14 14 0 71 0
P 22.163935647 14.8340598344 1 100 5
P 5.83606435303 13.1659401656 2 100 5
P 13.4223476435 19.6541706844 0 78 5
P 14.5776523565 8.34582931565 0 78 5
P 13.1326085465 22.4901918485 0 47 2
P 14.8673914535 5.50980815149 0 47 2
P 8.96751791579 15.6883416859 0 57 5
P 19.0324820842 12.3116583141 0 57 5
P 7.58780434679 5.58367972375 0 12 5
P 20.4121956532 22.4163202763 0 12 5
P 8.44001234746 23.6948664147 0 82 5
P 19.5599876525 4.30513358528 0 82 5
P 3.65825998807 14.8991378807 0 5 4
P 24.3417400119 13.1008621193 0 5 4
