P 14 14 0 30 1
P 19.5211764029 8.85234707438 1 100 5
P 8.47882359708 19.1476529256 2 100 5
P 21.3281014126 19.1424713261 0 16 4
P 6.67189858741 8.85752867388 0 16 4
P 17.0939163384 9.86385118969 0 58 4
P 10.9060836616 18.1361488103 0 58 4
P 7.9376735339 4.751289106 0 84 1
P 20.0623264661 23.248710894 0 84 1
P 16.7243807231 20.7071422578 0 7 4
P 11.2756192769 7.29285774219 0 7 4
P 14.3108132076 3.62472788369 0 92 2
P 13.6891867924 24.3752721163 0 92 2
P 12.0988712987 3.12211453858 0 68 5
P 15.9011287013 24.8778854614 0 68 5
P 25.2653597197 13.5400623368 0 14 3
P 2.73464028025 14.4599376632 0 14 3
P 11.3105857242 19.7247353613 0 45 1
P 16.6894142758 8.27526463871 0 45 1
P 21.0456057007 13.3659046519 0 31 4
P 6.95439429928 14.6340953481 0 31 4
P 6.88553040475 21.5900636562 0 83 5
P 21.1144695953 6.40993634385 0 83 5
P 18.5742087067 24.0185615096 0 73 3
P 9.42579129327 3.98143849035 0 73 3
P 10.210017494 14.8182145925 0 72 3
P 17.789982506 13.1817854075 0 72 3
P 21.2056161039 22.9659677746 0 21 3
P 6.79438389605 5.03403222539 0 21 3
