P 14 14 0 89 3
P 14.0610164218 20.3367294782 1 100 5
P 20.247683311 12.9396619738 2 100 5
P 21.4450933507 20.2268341463 0 47 3
P 23.2845537167 10.4686071147 0 12 5
P 12.1658398876 23.7626599915 0 12 5
P 23.9561807924 8.29233277992 0 71 3
P 10.1426024636 24.8084913523 0 71 3
P 9.28863616148 23.4895399033 0 80 2
P 22.5070200283 7.685023592 0 80 2
P 18.1648729791 22.0145008366 0 61 5
P 22.6246218639 16.6822170488 0 61 5
P 7.25867143458 13.1663408058 0 49 1
P 11.9875449596 7.51227904504 0 49 1
P 18.0438258876 20.7778542695 0 29 4
P 21.386056261 16.7817277396 0 29 4
P 16.6506112496 5.11521301494 0 39 5
P 5.7238447123 18.1797647566 0 39 5
P 16.67769603 9.09185253657 0 97 3
P 9.64262157971 17.5033156944 0 97 3
P 20.102192863 11.6836120568 0 23 5
P 12.7990313521 20.4156126089 0 23 5
P 2.63215255022 12.6583145754 0 16 1
P 10.6695107387 3.04847422957 0 16 1
P 18.2989943175 6.157366134 0 82 3
P 7.04102839943 19.6179153038 0 82 3
P 13.7864157035 24.0438904167 0 34 1
P 23.8478863766 12.0139267714 0 34 1
P 6.74857253836 9.89527389313 0 100 4
P 8.67782306496 7.58857197529 0 100 4
