P 14 14 0 26 3
P 23.615706341 14.6673708498 1 100 5
P 4.38429365904 13.3326291502 2 100 5
P 20.7428826383 8.52571605208 0 60 5
P 7.25711736174 19.4742839479 0 60 5
P 9.37882826638 6.2458348416 0 31 1
P 18.6211717336 21.7541651584 0 31 1
P 18.448521582 15.7904647223 0 93 2
P 9.55147841804 12.2095352777 0 93 2
P 19.9414191943 4.46078582203 0 62 2
P 8.05858080572 23.539214178 0 62 2
P 16.4292306795 25.0227438976 0 2 3
P 11.5707693205 2.97725610244 0 2 3
P 7.80070116388 6.68412780703 0 95 1
P 20.1992988361 21.315872193 0 95 1
P 8.29096975422 4.89369525832 0 27 2
P 19.7090302458 23.1063047417 0 27 2
P 3.46253298123 17.0449702752 0 20 3
P 24.5374670188 10.9550297248 0 20 3
P 6.09410629031 18.4639025135 0 68 1
P 21.9058937097 9.53609748649 0 68 1
P 5.52241898227 14.5866925353 0 47 2
P 22.4775810177 13.4133074647 0 47 2
P 12.9420348185 5.81356147069 0 42 1
P 15.0579651815 22.1864385293 0 42 1
