P 14 14 0 80 3
P 2.42267340024 11.6765088315 1 100 5
P 20.4885237654 23.8657063485 2 100 5
P 18.6333912208 7.13275936652 0 17 5
P 24.7937802518 9.72379959388 0 24 1
P 13.9246069179 2.39026710385 0 24 1
P 23.9527712559 15.8973898932 0 48 1
P 8.51474790008 5.4812117365 0 48 1
P 15.6790041987 25.6643834886 0 70 4
P 2.55523003517 16.8096508181 0 70 4
P 20.8099225713 14.8951376333 0 26 3
P 10.6206511533 8.0203412989 0 26 3
P 9.98465245237 18.3624126054 0 4 1
P 11.4579386956 19.3564525568 0 4 1
P 14.9638866369 23.6520345675 0 74 1
P 4.68896019533 16.7194459909 0 74 1
P 21.5968426517 11.2133699518 0 46 2
P 13.7401231561 5.9123681262 0 46 2
P 19.6780247383 20.5340617657 0 48 2
P 5.81547566741 11.1808707839 0 48 2
