P 14 14 0 46 2
P 20.1686894803 4.05306228194 1 100 5
P 2.33978724638 15.0167292718 2 100 5
P 8.86861314195 5.65543839472 0 37 2
P 9.68272478597 6.97933093196 0 26 1
P 11.2615434465 9.54677516108 0 97 3
P 12.1752442345 11.0326176293 0 27 1
P 8.04193855957 4.31111625119 0 97 5
P 15.1113322253 2.99693172875 0 57 4
P 3.67927672082 10.0269354786 0 57 4
P 16.4082903139 7.17425464009 0 6 5
P 6.82195151927 13.0692573059 0 6 5
P 18.8521897013 16.101237487 0 21 4
P 13.6857522217 19.2782754956 0 21 4
P 17.5206519702 14.0798823538 0 69 4
P 12.4826911042 17.1779152287 0 69 4
P 9.24103977565 8.61233880566 0 44 1
P 11.3393380395 7.32201576119 0 44 1
P 16.6739547735 8.65646091295 0 75 4
P 8.0248157952 13.975143929 0 75 4
P 19.1549475677 9.21358293529 0 48 5
P 7.40251854731 16.4405964895 0 48 5
P 19.3366991792 20.479609007 0 56 2
P 17.3744400891 21.686276413 0 56 2
