P 14 14 0 80 3
P 15.0493883738 6.4750161741 1 100 5
P 12.9506116262 21.5249838259 2 100 5
P 5.98632761866 12.8824620992 0 8 2
P 22.0136723813 15.1175379008 0 8 2
P 7.525168596 16.5119166243 0 37 2
P 20.474831404 11.4880833757 0 37 2
P 16.7745994557 6.64540780041 0 82 3
P 11.2254005443 21.3545921996 0 82 3
P 16.2970522135 20.5182168261 0 83 4
P 11.7029477865 7.48178317389 0 83 4
P 9.23277830247 10.4380112456 0 17 3
P 18.7672216975 17.5619887544 0 17 3
P 19.3364320554 21.5495508188 0 5 4
P 8.66356794458 6.4504491812 0 5 4
P 6.83552242251 21.9321707157 0 41 5
P 21.1644775775 6.06782928433 0 41 5
P 18.7319132891 3.50401184767 0 48 3
P 9.26808671086 24.4959881523 0 48 3
P 22.0784719262 11.400332972 0 24 3
P 5.9215280738 16.599667028 0 24 3
P 19.9691874445 22.7069351337 0 20 4
P 8.03081255546 5.29306486627 0 20 4
P 19.7461649426 5.93385253831 0 33 5
P 8.25383505737 22.0661474617 0 33 5
P 13.6785028722 20.2417888299 0 64 1
P 14.3214971278 7.75821117012 0 64 1
