P 14 14 0 69 5
P 9.90943089482 19.0639133578 1 100 5
P 20.0444642739 11.5833027205 2 100 5
P 7.18013176519 4.76016711041 0 62 5
P 8.22493425752 6.17570771902 0 64 5
P 11.0746614242 10.0366331642 0 36 5
P 9.73902816003 8.22706328142 0 60 2
P 9.03018852111 18.4446684264 0 10 1
P 19.7118114715 10.5606231276 0 10 1
P 14.4902128331 10.7048814444 0 78 3
P 10.7067420155 13.4974397898 0 78 3
P 12.2898073288 3.94052457473 0 82 2
P 4.89116531928 9.4014202667 0 82 2
P 9.81675912515 4.79253275403 0 5 3
P 6.43409882327 7.28925513176 0 5 3
P 22.2662456989 15.9030027793 0 60 4
P 13.3826043071 22.4599680905 0 60 4
P 2.71078292994 12.3197579451 0 90 5
P 15.7210742307 2.7169357482 0 90 5
