P 14 14 0 22 1
P 21.625553688 5.5305011757 1 100 5
P 7.89194520756 4.3785060393 2 100 5
P 13.1496569955 24.137436808 0 71 3
P 13.2794757519 22.5897914079 0 62 5
P 13.7807320988 25.9082438883 0 43 4
P 12.2324003402 25.7783675592 0 43 4
P 22.0012761148 13.3148593364 0 90 3
P 6.22467084709 11.9914946458 0 90 3
P 11.1486203958 9.73692144011 0 85 5
P 17.5217243226 10.271506705 0 85 5
P 18.67552475 12.4918115815 0 55 4
P 9.64106073126 11.7339875454 0 55 4
P 9.35693131622 17.6348455671 0 86 4
P 17.9726552842 18.3575450762 0 86 4
P 20.6690805729 11.60074088 0 22 1
P 7.82380676841 10.5232605536 0 22 1
P 20.8896643767 4.73593202407 0 79 1
P 8.7499191801 3.71763246766 0 79 1
