P 14 14 0 64 5
P 5.57658764005 10.3774223945 1 100 5
P 22.4234123599 17.6225776055 2 100 5
P 17.3405569285 18.7850205641 0 86 3
P 10.6594430715 9.2149794359 0 86 3
P 7.93677422086 8.1661034437 0 65 1
P 20.0632257791 19.8338965563 0 65 1
P 20.9922643693 5.41293118554 0 83 3
P 7.0077356307 22.5870688145 0 83 3
P 18.059393086 21.259832436 0 97 2
P 9.94060691402 6.74016756399 0 97 2
P 11.8969888687 25.5096113258 0 62 4
P 16.1030111313 2.49038867422 0 62 4
P 10.4249250711 21.1146733099 0 8 1
P 17.5750749289 6.88532669005 0 8 1
P 12.5472075097 24.0043399352 0 49 5
P 15.4527924903 3.9956600648 0 49 5
P 18.5934699921 22.7450144744 0 1 5
P 9.40653000792 5.25498552555 0 1 5
P 20.8120949802 9.00927797572 0 77 4
P 7.18790501975 18.9907220243 0 77 4
P 15.0112115903 25.361153591 0 67 4
P 12.9887884097 2.63884640899 0 67 4
P 15.6326371544 24.4518018592 0 50 2
P 12.3673628456 3.54819814078 0 50 2
