P 14 14 0 39 1
P 19.6592472527 19.4342985788 1 100 5
P 6.33441647273 15.6725757672 2 100 5
P 11.4540030705 23.0184683855 0 1 1
P 11.8509361633 21.6124460504 0 99 4
P 11.0144531468 24.5754486965 0 52 2
P 12.7500469739 18.4276022957 0 93 4
P 4.58279880263 20.8316724531 0 25 1
P 18.4543692868 24.7477449335 0 25 1
P 13.497880285 23.7524098646 0 26 3
P 9.32805757548 22.5752303968 0 26 3
P 16.5132922586 18.7261520486 0 98 4
P 9.38624962826 16.714122081 0 98 4
P 17.6861919064 21.3928127776 0 61 4
P 6.99200049476 18.373743759 0 61 4
P 3.90428521136 10.4708118758 0 58 5
P 24.4508306417 16.2712914407 0 58 5
P 12.0684031436 25.2633180282 0 56 1
P 9.75638389589 24.6106136383 0 56 1
P 20.4480140189 13.1781566953 0 56 5
P 8.93368843292 9.92755622368 0 56 5
P 5.42645614825 11.8387194007 0 24 3
P 22.4380446305 16.6412479665 0 24 3
