P 14 14 0 7 0
P 7.35047710704 20.4452745313 1 100 5
P 20.649522893 7.55472546867 2 100 5
P 4.2995108612 18.4288529742 0 64 4
P 23.7004891388 9.57114702577 0 64 4
P 20.0011001114 5.24672852991 0 48 1
P 7.99889988857 22.7532714701 0 48 1
P 17.2964489584 11.1689170777 0 23 5
P 10.7035510416 16.8310829223 0 23 5
P 18.5230630272 7.22744044647 0 51 4
P 9.47693697279 20.7725595535 0 51 4
P 5.1961579167 20.61524014 0 43 4
P 22.8038420833 7.38475985995 0 43 4
P 3.19044457653 17.0649201849 0 99 1
P 24.8095554235 10.9350798151 0 99 1
P 17.3255870506 3.04092295773 0 94 4
P 10.6744129494 24.9590770423 0 94 4
P 16.8133413136 21.7969867134 0 82 5
P 11.1866586864 6.20301328658 0 82 5
P 12.9744665553 9.39922355798 0 17 2
P 15.0255334447 18.600776442 0 17 2
P 13.4316394745 7.28265383235 0 3 4
P 14.5683605255 20.7173461677 0 3 4
P 4.21673350838 9.88154331753 0 76 3
P 23.7832664916 18.1184566825 0 76 3
