P 14 14 0 2 1
P 10.4152798379 13.9327832284 1 100 5
P 16.720791591 11.6650417876 2 100 5
P 16.9956248153 22.3294096676 0 61 3
P 15.0930276999 17.0391908372 0 72 4
P 3.82847749666 16.9578790627 0 29 1
P 23.7255267054 9.80201847466 0 29 1
P 18.9850996552 12.2197893387 0 57 4
P 9.02295855878 15.8026167267 0 57 4
P 19.0322162063 8.77921826581 0 89 4
P 6.79530615732 13.1801533703 0 89 4
P 8.33851440954 23.5540796399 0 79 3
P 24.4497360411 17.759770409 0 79 3
P 4.72992801784 15.5887228415 0 1 1
P 22.1585358478 9.32062315669 0 1 1
P 8.6225999377 3.82478415981 0 94 5
P 11.6649705642 2.73061286678 0 94 5
