P 14 14 0 78 4
P 7.2157530484 18.1321386179 1 100 5
P 21.8479795634 12.771263645 2 100 5
P 13.4539659883 12.50962886 0 70 1
P 11.8705348464 8.18773677051 0 98 4
P 4.2737609052 18.0401771734 0 14 3
P 24.0342225602 10.8004475102 0 14 3
P 5.28394771065 21.6876329982 0 86 3
P 25.6195096365 14.2372012491 0 86 3
P 14.9360043919 23.1998480304 0 98 2
P 19.228934217 21.6270279243 0 98 2
P 21.9589952343 17.6298694685 0 10 4
P 10.2698283848 21.9124823677 0 10 4
P 15.8046683763 3.29574861151 0 29 3
P 5.7071892311 6.99520769132 0 29 3
P 17.4405193497 7.34322377178 0 15 1
P 7.07332566088 11.1414993882 0 15 1
P 13.5624133986 5.62407123836 0 52 3
P 8.92289652605 7.32387200778 0 52 3
P 13.5528555615 4.09230328156 0 9 4
P 7.94062103408 6.14848301531 0 9 4
P 18.7668845559 6.77623888583 0 65 5
P 5.69460701161 11.5655883026 0 65 5
