P 14 14 0 75 0
P 16.8330882999 19.9014699119 1 100 5
P 16.429594986 7.92128264846 2 100 5
P 9.74304744454 14.1433743777 0 39 3
P 8.29234981029 14.1922339475 0 76 3
P 5.76676430444 14.2772957953 0 75 2
P 3.03726751816 14.3692253853 0 99 4
P 6.77245839658 14.2434239673 0 25 5
P 14.9783255337 19.6529053375 0 22 2
P 14.5957597005 8.29407939204 0 22 2
P 12.3670984773 19.2204587854 0 54 2
P 12.0195466386 8.90123919016 0 54 2
P 16.9167243979 6.28850592934 0 37 4
P 17.4289732043 21.497770654 0 37 4
P 4.20594708922 8.00821655815 0 2 5
P 4.63129142714 20.6371862193 0 2 5
