P 14 14 0 64 4
P 11.3076630055 18.2506986599 1 100 5
P 10.9802062292 9.97533067558 2 100 5
P 7.78951740002 6.48832291018 0 19 5
P 8.40248121215 21.9789203685 0 19 5
P 18.7595280677 11.0181946923 0 54 4
P 18.9802580216 16.5964014247 0 54 4
P 7.19215773074 15.3016268731 0 72 4
P 7.11059383937 13.2403740172 0 72 4
P 9.56713481353 19.2708330232 0 52 3
P 9.16451278302 9.09591620241 0 52 3
P 23.6079310717 19.2363571859 0 47 4
P 23.1641320789 8.02083122013 0 47 4
P 24.5350552326 17.6666642181 0 2 2
P 24.2123888871 9.51235825188 0 2 2
P 11.5796052209 5.65410944874 0 29 3
P 12.2466351657 22.5110464538 0 29 3
P 5.9992015888 18.9731786169 0 10 1
P 5.63125493081 9.67456513877 0 10 1
P 7.14272511544 10.1618241974 0 63 1
P 7.46744443383 18.3680121461 0 63 1
