P 14 14 0 96 5
P 23.0617641492 19.5864489093 1 100 5
P 4.23693175169 18.2434042101 2 100 5
P 14.3054659935 9.71842535546 0 23 5
P 14.2330812909 10.7330080382 0 57 1
P 3.06410022789 16.2037332233 0 86 1
P 24.5122806463 17.7339388799 0 86 1
P 22.866172706 14.171453586 0 36 3
P 5.19928745355 12.9110218281 0 36 3
P 22.7511385744 8.99545468866 0 60 3
P 6.04797239595 7.80377880426 0 60 3
P 20.8815172036 10.5600344376 0 85 3
P 7.67654021751 9.6179344513 0 85 3
P 4.12072441425 11.8845387307 0 71 5
P 24.0795372681 13.3084864843 0 71 5
P 17.1331658395 5.81675891181 0 69 1
P 12.0603104451 5.45483953833 0 69 1
P 17.9720380153 8.53298628684 0 75 5
P 10.8443227861 8.024464354 0 75 5
P 10.4907611864 6.24317820256 0 76 2
P 18.574900672 6.81993556509 0 76 2
