P 14 14 0 78 1
P 23.5797673187 17.3565019917 1 100 5
P 4.42023268129 10.6434980083 2 100 5
P 10.3868530205 24.3122558654 0 76 3
P 17.6131469795 3.68774413458 0 76 3
P 11.2620665856 21.8143153523 0 8 2
P 16.7379334144 6.18568464771 0 8 2
P 13.3601551236 6.04976274637 0 14 1
P 14.6398448764 21.9502372536 0 14 1
P 23.4817403013 10.0610996871 0 43 3
P 4.51825969872 17.9389003129 0 43 3
P 6.96928778594 10.4650857876 0 58 3
P 21.0307122141 17.5349142124 0 58 3
P 8.69241202242 21.4656398413 0 66 2
P 19.3075879776 6.53436015867 0 66 2
P 17.8092682135 24.1022655981 0 50 5
P 10.1907317865 3.89773440189 0 50 5
