P 14 14 0 45 0
P 20.8936824762 15.2885873806 1 100 5
P 7.10631752379 12.7114126194 2 100 5
P 16.8628736874 16.957120423 0 26 5
P 11.1371263126 11.042879577 0 26 5
P 6.78578495023 5.52522264992 0 70 1
P 21.2142150498 22.4747773501 0 70 1
P 23.0664737133 13.6130288616 0 76 5
P 4.93352628668 14.3869711384 0 76 5
P 24.4053905336 18.2763333233 0 60 4
P 3.59460946636 9.72366667674 0 60 4
P 13.2780967739 23.2030746798 0 91 1
P 14.7219032261 4.79692532017 0 91 1
P 18.3011691368 14.6491415573 0 76 2
P 9.6988308632 13.3508584427 0 76 2
P 7.14664918757 17.0379801033 0 9 5
P 20.8533508124 10.9620198967 0 9 5
P 18.6706308912 5.19970655212 0 24 3
P 9.32936910879 22.8002934479 0 24 3
