P 14 14 0 3 0
P 15.9641922132 9.24008391589 1 100 5
P 12.0358077868 18.7599160841 2 100 5
P 10.6662700744 12.6243273527 0 5 5
P 17.3337299256 15.3756726473 0 5 5
P 23.2606001385 12.0459020734 0 19 2
P 4.73939986151 15.9540979266 0 19 2
P 5.00333438217 20.8803870308 0 16 3
P 22.9966656178 7.11961296916 0 16 3
P 7.23153099896 10.2626331162 0 28 2
P 20.768469001 17.7373668838 0 28 2
P 18.4291955557 16.3842897574 0 90 3
P 9.57080444428 11.6157102426 0 90 3
P 6.87926253514 8.36883091672 0 27 4
P 21.1207374649 19.6311690833 0 27 4
P 15.0969174607 7.71949380558 0 94 1
P 12.9030825393 20.2805061944 0 94 1
P 3.02419352152 17.0407217804 0 8 3
P 24.9758064785 10.9592782196 0 8 3
P 13.115967261 24.3463736066 0 24 5
P 14.884032739 3.65362639339 0 24 5
P 15.6598763214 17.6676801145 0 26 4
P 12.3401236786 10.3323198855 0 26 4
P 19.7250245073 8.24110001701 0 20 4
P 8.27497549269 19.758899983 0 20 4
P 17.4642880223 21.0469668976 0 73 2
P 10.5357119777 6.95303310238 0 73 2
P 10.841947468 23.4306689376 0 28 1
P 17.158052532 4.56933106243 0 28 1
