P 14 14 0 80 1
P 20.6766139071 23.9661545029 1 100 5
P 13.828985864 25.9946722759 2 100 5
P 16.1297069227 21.1892102904 0 67 5
P 16.6479886449 22.9387638327 0 50 3
P 9.83279928358 18.9907163423 0 19 4
P 20.2131287702 15.9156832476 0 19 4
P 9.75811185483 17.313519431 0 12 1
P 19.3622386351 14.4684259556 0 12 1
P 8.66018587345 21.9712273978 0 37 1
P 22.8199467097 17.7765885629 0 37 1
P 20.8629501808 8.85369746271 0 67 5
P 5.4413439127 13.4221410472 0 67 5
P 21.9936551759 12.6828042972 0 39 2
P 6.57869826597 17.2492780987 0 39 2
P 23.5479390198 7.64406855121 0 84 1
P 2.53073067101 13.870134045 0 84 1
P 6.83868430343 12.1525003134 0 92 2
P 18.9995331373 8.55001229291 0 92 2
P 12.7905582886 20.6556219595 0 37 4
P 18.639443466 18.922968337 0 37 4
P 9.77143098382 10.0186186175 0 44 4
P 15.3777213922 8.35783043472 0 44 4
P 10.6500393262 10.8078887412 0 33 1
P 15.0707741183 9.49830547546 0 33 1
P 11.8182042323 21.1360586562 0 17 1
P 19.7165874014 18.7962687998 0 17 1
