P 14 14 0 46 4
P 21.9975803678 6.22470463628 1 100 5
P 6.00241963222 21.7752953637 2 100 5
P 11.501754217 5.50454098455 0 39 5
P 16.498245783 22.4954590154 0 39 5
P 16.8201630522 6.16468246114 0 74 4
P 11.1798369478 21.8353175389 0 74 4
P 13.02225863 20.7602456371 0 55 4
P 14.97774137 7.23975436293 0 55 4
P 3.76296036876 15.748951823 0 8 4
P 24.2370396312 12.251048177 0 8 4
P 12.2150232223 8.60812668773 0 55 4
P 15.7849767777 19.3918733123 0 55 4
P 22.5305978938 10.3723426207 0 62 4
P 5.46940210624 17.6276573793 0 62 4
P 5.44255130381 10.9797798096 0 82 1
P 22.5574486962 17.0202201904 0 82 1
P 13.3623790185 6.29129692325 0 4 4
P 14.6376209815 21.7087030768 0 4 4
P 16.2019200927 8.53652622348 0 45 4
P 11.7980799073 19.4634737765 0 45 4
