P 14 14 0 85 1
P 7.11759569735 15.2112241059 1 100 5
P 15.9148660053 20.7207024188 2 100 5
P 11.2160609439 18.445260151 0 16 2
P 24.5180287219 14.2663403097 0 3 1
P 9.16864102003 4.6534586203 0 3 1
P 22.2244617523 19.567235348 0 77 5
P 5.40083176711 9.03107796016 0 77 5
P 12.2148292028 11.6404264689 0 6 3
P 16.9021831195 14.5759819134 0 6 3
P 14.2636820187 10.620535495 0 32 1
P 16.9253092843 12.2874363839 0 32 1
P 6.66530767522 5.26704698295 0 57 1
P 25.0588506553 16.7863958945 0 57 1
P 4.40688603882 7.32653610837 0 42 4
P 24.191912454 19.7173312231 0 42 4
P 16.6985491286 6.28851972196 0 59 4
P 19.7597555938 8.20566561392 0 59 4
P 17.6765441945 20.3790664344 0 24 4
P 6.65588098503 13.4771408574 0 24 4
P 5.19726438552 15.5064736563 0 16 3
P 16.4875748971 22.577271612 0 16 3
P 22.1991186143 8.44186231357 0 59 1
P 15.4211230585 4.19699791665 0 59 1
P 13.3385228143 3.35619991343 0 26 5
P 23.8647418054 9.94846924456 0 26 5
P 13.6158919872 21.5844239992 0 73 4
P 7.3441639751 17.6566204582 0 73 4
P 19.8548937969 23.1788683766 0 60 3
P 3.18598936378 12.7396111684 0 60 3
