P 14 14 0 42 2
P 19.5619008853 20.9571066028 1 100 5
P 22.8346254613 12.8662157617 2 100 5
P 4.54651505812 10.1761129762 0 1 5
P 5.7462257367 10.6613899005 0 32 1
P 10.2072225002 12.4658406128 0 42 3
P 12.331337339 13.3250343618 0 19 2
P 8.8591110939 11.9205363419 0 23 1
P 17.434671361 17.2541799093 0 6 1
P 18.7312012778 14.048874426 0 6 1
P 20.4576978281 4.99549741319 0 48 5
P 12.3813925328 24.9618902541 0 48 5
P 16.8023229832 18.0382074607 0 78 4
P 18.8217675954 13.0456987613 0 78 4
P 4.92798027797 16.2782607545 0 81 5
P 9.06314821951 6.05522131208 0 81 5
P 20.8432977612 20.9307767135 0 10 2
P 23.7373621464 13.7760166707 0 10 2
P 16.0889071251 4.45643422128 0 87 1
P 8.86641683216 22.3120096613 0 87 1
P 23.1399070112 16.4870474436 0 36 1
P 22.2986700742 18.5667691161 0 36 1
P 14.517599211 20.7785732886 0 88 4
P 19.0847600956 9.48755282118 0 88 4
P 21.6503080231 14.9331408088 0 11 2
P 20.1476417833 18.6480603613 0 11 2
P 7.04141926831 4.3810532366 0 81 5
P 2.31085740998 16.0760366439 0 81 5
