P 14 14 0 81 2
P 21.5966366306 23.1422031454 1 100 5
P 6.40336336937 4.85779685457 2 100 5
P 10.4070826445 15.4306091073 0 55 4
P 17.5929173555 12.5693908927 0 55 4
P 14.0381295325 24.7320745228 0 24 1
P 13.9618704675 3.26792547723 0 24 1
P 23.029753189 20.3026332113 0 17 4
P 4.97024681099 7.69736678868 0 17 4
P 9.49157623731 5.7425926052 0 6 2
P 18.5084237627 22.2574073948 0 6 2
P 11.5116196222 24.9791923214 0 23 3
P 16.4883803778 3.02080767861 0 23 3
P 20.3921080149 16.8800945698 0 53 1
P 7.60789198506 11.1199054302 0 53 1
P 24.6024349561 12.5343363908 0 46 2
P 3.39756504388 15.4656636092 0 46 2
P 21.5364199581 6.08194769612 0 79 3
P 6.46358004187 21.9180523039 0 79 3
P 15.8256466454 19.7408177459 0 55 4
P 12.1743533546 8.25918225408 0 55 4
