P 14 14 0 73 3
P 19.5939125656 22.6328285765 1 100 5
P 8.40608743444 5.36717142347 2 100 5
P 4.15686264142 20.3781701752 0 51 5
P 23.8431373586 7.62182982477 0 51 5
P 8.02910994756 17.8690258466 0 61 2
P 19.9708900524 10.1309741534 0 61 2
P 20.0754737183 16.2237547464 0 73 3
P 7.92452628173 11.7762452536 0 73 3
P 13.1874162481 19.9790314632 0 30 3
P 14.8125837519 8.02096853679 0 30 3
P 17.394226629 7.95327288644 0 44 2
P 10.605773371 20.0467271136 0 44 2
P 23.6984589823 20.0189398045 0 89 4
P 4.30154101769 7.9810601955 0 89 4
P 19.8493091439 15.004642739 0 10 4
P 8.15069085607 12.995357261 0 10 4
P 11.8745546747 2.9098487195 0 36 3
P 16.1254453253 25.0901512805 0 36 3
P 11.6728692499 4.20429432053 0 85 4
P 16.3271307501 23.7957056795 0 85 4
P 9.91180219844 10.7554409032 0 43 4
P 18.0881978016 17.2445590968 0 43 4
P 20.93475504 21.2975985821 0 31 4
P 7.06524495998 6.70240141795 0 31 4
