P 14 14 0 19 3
P 21.7576075853 16.3225082518 1 100 5
P 6.24239241466 11.6774917482 2 100 5
P 7.41910107678 17.3334114315 0 48 5
P 20.5808989232 10.6665885685 0 48 5
P 5.50709570112 19.2917456073 0 73 2
P 22.4929042989 8.70825439271 0 73 2
P 16.9973779938 9.50278043337 0 75 3
P 11.0026220062 18.4972195666 0 75 3
P 2.79218065345 18.1428135936 0 31 4
P 25.2078193466 9.85718640642 0 31 4
P 6.72033982189 9.34573569863 0 81 5
P 21.2796601781 18.6542643014 0 81 5
P 24.8490913477 14.7001249159 0 15 2
P 3.15090865225 13.2998750841 0 15 2
P 6.70511909633 23.2279858016 0 30 3
P 21.2948809037 4.77201419841 0 30 3
P 22.8198718509 11.2888790071 0 21 4
P 5.18012814909 16.7111209929 0 21 4
P 8.61855028398 24.336493972 0 32 3
P 19.381449716 3.66350602796 0 32 3
P 22.7202981502 6.90896093094 0 22 4
P 5.27970184977 21.0910390691 0 22 4
P 23.5648646644 12.6107040386 0 98 5
P 4.4351353356 15.3892959614 0 98 5
P 16.9648323629 16.5801352282 0 53 5
P 11.0351676371 11.4198647718 0 53 5
