P 14 14 0 71 5
P 9.5355372267 6.63668830122 1 100 5
P 17.9152315204 21.6694686367 2 100 5
P 20.8626290434 10.1745776794 0 65 3
P 9.10238856826 24.2448844126 0 27 5
P 2.71055602524 12.7782352496 0 27 5
P 9.04111578493 9.21913596811 0 77 4
P 15.4586926284 20.7319692042 0 77 4
P 13.736683906 2.9471688904 0 55 4
P 23.2626679138 20.0363394554 0 55 4
P 4.16387305615 20.2901219055 0 56 5
P 3.47730789866 19.058456067 0 56 5
P 10.3185125264 9.67590376073 0 58 1
P 15.7419293999 19.4052604258 0 58 1
P 5.23361906341 10.3793587958 0 62 5
P 12.4695938546 23.3603597412 0 62 5
P 9.1582232396 19.766834416 0 70 4
P 6.54878528696 15.0856245573 0 70 4
