P 14 14 0 21 4
P 6.06408860887 6.41371251805 1 100 5
P 21.9359113911 21.5862874819 2 100 5
P 17.9959757812 10.1228934189 0 57 3
P 10.0040242188 17.8771065811 0 57 3
P 19.057101369 20.6032184758 0 46 5
P 8.94289863095 7.39678152421 0 46 5
P 15.8601459122 25.4077168114 0 42 4
P 12.1398540878 2.59228318864 0 42 4
P 10.2253275404 3.62642233715 0 57 1
P 17.7746724596 24.3735776628 0 57 1
P 6.64726200041 5.52846354333 0 91 4
P 21.3527379996 22.4715364567 0 91 4
P 15.9769007593 11.3514123466 0 21 1
P 12.0230992407 16.6485876534 0 21 1
P 10.5120002182 15.4007307539 0 63 1
P 17.4879997818 12.5992692461 0 63 1
P 24.498239797 16.6407740798 0 9 5
P 3.501760203 11.3592259202 0 9 5
P 22.2873450239 19.4179651532 0 61 4
P 5.71265497608 8.58203484681 0 61 4
P 4.93599724577 16.5858330485 0 32 1
P 23.0640027542 11.4141669515 0 32 1
