P 14 14 0 20 1
P 8.23019411026 19.1120219514 1 100 5
P 19.7698058897 8.88797804865 2 100 5
P 13.079554884 24.5914733974 0 11 5
P 14.920445116 3.40852660258 0 11 5
P 14.465637375 9.32501694435 0 39 5
P 13.534362625 18.6749830556 0 39 5
P 22.1366141876 8.31100348569 0 97 4
P 5.86338581242 19.6889965143 0 97 4
P 3.80562440611 17.7925379388 0 81 4
P 24.1943755939 10.2074620612 0 81 4
P 19.7489704858 19.2495410491 0 4 2
P 8.25102951422 8.75045895095 0 4 2
P 7.9384483114 15.7751002662 0 29 4
P 20.0615516886 12.2248997338 0 29 4
