P 14 14 0 7 4
P 9.31886321801 13.9825300949 1 100 5
P 18.681136782 14.0174699051 2 100 5
P 18.4728584075 4.15977286635 0 7 1
P 9.52714159252 23.8402271336 0 7 1
P 8.80399375203 20.9696155757 0 5 4
P 19.196006248 7.03038442427 0 5 4
P 10.0335921397 12.2503839214 0 50 3
P 17.9664078603 15.7496160786 0 50 3
P 6.34165174695 17.406711038 0 42 3
P 21.6583482531 10.593288962 0 42 3
P 19.6212399098 23.9160236665 0 58 5
P 8.37876009016 4.08397633354 0 58 5
P 24.7159936235 12.5120910412 0 42 1
P 3.28400637646 15.4879089588 0 42 1
P 9.71767906483 22.3180615793 0 86 1
P 18.2823209352 5.68193842073 0 86 1
P 3.65751296896 19.4094798104 0 75 2
P 24.342487031 8.59052018963 0 75 2
