P 14 14 0 26 3
P 22.0046722028 18.7837441177 1 100 5
P 6.44856251682 19.4712682986 2 100 5
P 13.8215090262 9.96141453105 0 97 1
P 20.0628965328 19.101364919 0 25 5
P 8.41078781122 19.6163462778 0 25 5
P 18.6366585024 17.0537455665 0 45 4
P 9.65082290679 17.4508872287 0 45 4
P 9.75574316794 10.5075789469 0 91 2
P 17.9196052401 10.1467655625 0 91 2
P 25.6103565753 11.390324173 0 4 1
P 2.20468565059 12.4247707703 0 4 1
P 2.55967836944 14.4157928257 0 16 3
P 25.4323969332 13.4049008087 0 16 3
P 8.82795255176 8.3365884447 0 91 1
P 18.6522525186 7.90238966851 0 91 1
P 21.5613985872 10.4574922371 0 35 2
P 6.15556173953 11.1383748983 0 35 2
