P 14 14 0 97 5
P 14.9999820229 8.82114699173 1 100 5
P 13.0000179771 19.1788530083 2 100 5
P 9.71294380372 13.1722145578 0 40 5
P 18.2870561963 14.8277854422 0 40 5
P 20.9679460532 8.85570300467 0 41 3
P 7.03205394685 19.1442969953 0 41 3
P 21.6804856456 8.01679319316 0 31 5
P 6.31951435441 19.9832068068 0 31 5
P 9.63729223615 21.9166290114 0 20 5
P 18.3627077638 6.08337098864 0 20 5
P 17.5204171864 23.8410970986 0 13 2
P 10.4795828136 4.15890290139 0 13 2
P 20.5206175251 11.2615821065 0 69 2
P 7.4793824749 16.7384178935 0 69 2
P 17.4190073472 11.9312781822 0 76 3
P 10.5809926528 16.0687218178 0 76 3
P 11.8830358943 7.92621204687 0 19 1
P 16.1169641057 20.0737879531 0 19 1
P 5.38296861852 10.0035326766 0 17 1
P 22.6170313815 17.9964673234 0 17 1
P 4.81128581515 15.4880732323 0 90 5
P 23.1887141848 12.5119267677 0 90 5
P 23.2962674459 13.823353424 0 51 5
P 4.70373255413 14.176646576 0 51 5
