P 14 14 0 56 4
P 11.5127048668 20.5751922984 1 100 5
P 16.4872951332 7.42480770159 2 100 5
P 2.19596914717 12.235022515 0 33 4
P 25.8040308528 15.764977485 0 33 4
P 4.97838455778 6.6816881469 0 83 5
P 23.0216154422 21.3183118531 0 83 5
P 10.0735222672 22.0795444379 0 40 1
P 17.9264777328 5.92045556215 0 40 1
P 18.6598167064 13.5927036823 0 24 2
P 9.3401832936 14.4072963177 0 24 2
P 7.08597375198 19.143831927 0 33 2
P 20.914026248 8.85616807299 0 33 2
P 5.22568512001 12.1413850273 0 91 2
P 22.77431488 15.8586149727 0 91 2
P 15.5564300183 22.4716162335 0 69 3
P 12.4435699817 5.52838376647 0 69 3
P 2.30116562402 14.382185963 0 37 4
P 25.698834376 13.617814037 0 37 4
P 10.6034049484 5.64994141265 0 12 5
P 17.3965950516 22.3500585874 0 12 5
