P 14 14 0 93 1
P 24.816761916 14.6491420872 1 100 5
P 3.18323808405 13.3508579128 2 100 5
P 13.3358742705 25.0664368243 0 25 1
P 14.6641257295 2.93356317573 0 25 1
P 17.0181426955 2.95330395836 0 62 2
P 10.9818573045 25.0466960416 0 62 2
P 24.0822583528 19.0567890845 0 59 4
P 3.91774164716 8.94321091554 0 59 4
P 9.62499481494 7.14421701388 0 55 3
P 18.3750051851 20.8557829861 0 55 3
P 14.6818705655 25.0164152531 0 54 3
P 13.3181294345 2.98358474693 0 54 3
P 18.758450838 7.02331816134 0 4 2
P 9.241549162 20.9766818387 0 4 2
P 19.3948675157 24.6459423371 0 54 2
P 8.60513248428 3.35405766286 0 54 2
P 21.6383179776 4.85203665934 0 7 4
P 6.36168202242 23.1479633407 0 7 4
P 11.253849733 9.06074401384 0 2 1
P 16.746150267 18.9392559862 0 2 1
P 19.777146102 14.7116414212 0 52 5
P 8.22285389799 13.2883585788 0 52 5
