P 14 14 0 40 0
P 16.0987213335 4.93884532106 1 100 5
P 20.8763937296 7.73706421666 2 100 5
P 18.1215638113 6.96285159055 0 15 5
P 19.2200593034 5.08728295725 0 77 3
P 19.8410602368 4.02698741627 0 95 2
P 17.5581717507 7.92478587681 0 24 2
P 14.9787872978 3.12975903827 0 3 1
P 23.0020961787 7.82890386319 0 3 1
P 25.2110309273 9.87078521877 0 42 2
P 12.1173359514 2.20198299532 0 42 2
P 8.12123643305 22.2165896339 0 55 2
P 9.70931370224 23.1467052747 0 55 2
P 22.7878532797 16.883317779 0 71 2
P 7.18644002066 7.74577845871 0 71 2
P 14.9303187624 22.3282889258 0 72 4
P 6.28108332072 17.2625472762 0 72 4
P 13.1951123928 5.45891617381 0 61 1
P 21.8431564605 10.5239600516 0 61 1
P 19.9842957172 9.15074410055 0 69 2
P 15.3021158204 6.40845388607 0 69 2
P 8.16306863334 6.57752884188 0 34 5
P 23.329047581 15.4600401032 0 34 5
P 8.85590809059 10.0230419892 0 27 5
P 19.9849961021 16.5412001595 0 27 5
P 11.3599138698 8.39772401065 0 70 4
P 20.1776907536 13.5621781312 0 70 4
