P 14 14 0 31 4
P 25.1784326622 17.6983743894 1 100 5
P 2.82156733784 10.3016256106 2 100 5
P 12.5381138729 6.62982467778 0 55 2
P 15.4618861271 21.3701753222 0 55 2
P 5.27143635872 15.7341139479 0 89 1
P 22.7285636413 12.2658860521 0 89 1
P 25.5695553637 13.3257070088 0 71 1
P 2.43044463633 14.6742929912 0 71 1
P 16.2001092859 8.06843216732 0 50 4
P 11.7998907141 19.9315678327 0 50 4
P 16.2545958994 10.6225414427 0 100 5
P 11.7454041006 17.3774585573 0 100 5
P 21.2994876697 16.7317190697 0 67 4
P 6.70051233031 11.2682809303 0 67 4
P 23.2598681715 13.7639786624 0 18 3
P 4.74013182849 14.2360213376 0 18 3
P 13.1300238773 7.64477420975 0 35 5
P 14.8699761227 20.3552257903 0 35 5
P 2.57071357138 16.5497894074 0 27 1
P 25.4292864286 11.4502105926 0 27 1
