P 14 14 0 23 4
P 3.27463411957 16.6298905518 1 100 5
P 23.5091493451 8.38520914763 2 100 5
P 9.64047950647 3.30064371467 0 6 5
P 10.2445225332 4.78311674441 0 54 2
P 11.8888795642 6.3445709046 0 9 2
P 10.1596946996 7.04913823121 0 9 2
P 13.3031862489 20.6537262226 0 21 3
P 19.1485657558 18.2719893149 0 21 3
P 14.0438788171 25.2483603434 0 67 3
P 21.8299103955 22.0758924561 0 67 3
P 9.00144558401 10.6012356293 0 31 3
P 15.199802875 8.07567568762 0 31 3
P 17.918088784 5.67666141657 0 83 5
P 5.38059946433 10.7851408586 0 83 5
P 2.78276012006 13.4978809667 0 88 4
P 21.6720450773 5.80132215664 0 88 4
P 7.94233382427 18.4585790439 0 4 1
P 21.4486852803 12.9553305872 0 4 1
P 19.0648577359 14.4081047159 0 1 5
P 10.6626517831 17.8316367551 0 1 5
P 4.82767746621 17.4601037412 0 63 5
P 22.978580007 10.0644035241 0 63 5
P 25.2089260416 16.432829685 0 30 5
P 7.68324320159 23.5737801746 0 30 5
P 24.5737779251 8.3342089322 0 57 3
P 2.47753078717 17.3374647972 0 57 3
P 7.15892643695 22.7094299257 0 62 5
P 24.979855812 15.4481793651 0 62 5
