P 14 14 0 97 5
P 4.33980557859 8.59869096855 1 100 5
P 23.6601944214 19.4013090315 2 100 5
P 9.69061622902 21.7072955503 0 92 2
P 18.309383771 6.29270444965 0 92 2
P 15.0352599747 20.7032628254 0 67 2
P 12.9647400253 7.29673717463 0 67 2
P 16.218882714 23.0935754829 0 66 4
P 11.781117286 4.90642451714 0 66 4
P 19.4030130752 14.5113841495 0 29 2
P 8.5969869248 13.4886158505 0 29 2
P 22.2224499269 20.8396775486 0 66 4
P 5.77755007313 7.16032245138 0 66 4
P 16.4249793742 15.4437165246 0 9 3
P 11.5750206258 12.5562834754 0 9 3
P 5.04125845927 19.9999945023 0 86 1
P 22.9587415407 8.00000549767 0 86 1
P 11.2000479662 9.3716202925 0 39 2
P 16.7999520338 18.6283797075 0 39 2
P 19.0432245679 19.2515635384 0 3 3
P 8.95677543211 8.74843646163 0 3 3
