P 14 14 0 20 5
P 16.0922044313 18.2100011275 1 100 5
P 9.37539564824 13.1547405927 2 100 5
P 2.87347461577 17.3725083468 0 20 5
P 13.8387571404 25.6252905519 0 20 5
P 22.3431977123 16.3339676861 0 75 5
P 9.44803756132 6.62870491825 0 75 5
P 21.1036207038 17.3696992576 0 92 5
P 8.79584766399 8.10652066656 0 92 5
P 11.1215723006 10.199972947 0 49 5
P 18.4482509839 15.7142388424 0 49 5
P 24.3001029102 9.16530409443 0 90 4
P 15.7950418944 2.76415427937 0 90 4
P 24.0573436954 14.8611431638 0 53 5
P 10.38889775 4.57388360482 0 53 5
P 17.3902581866 3.05898437556 0 69 4
P 23.5752777371 7.71400527171 0 69 4
P 23.6402609951 19.4690763143 0 67 1
P 6.07640889767 6.25002375302 0 67 1
P 16.5364895453 22.0292800999 0 97 4
P 5.58234930653 13.7848838948 0 97 4
P 10.8573874742 3.35949538421 0 9 2
P 25.0946270855 14.0748451665 0 9 2
P 8.72271696212 22.026371844 0 2 4
P 7.74778377714 21.2926095153 0 2 4
P 15.9659313108 19.9705695241 0 77 2
P 7.71855214934 13.7633583712 0 77 2
