P 14 14 0 55 0
P 8.61656448871 23.1114835331 1 100 5
P 7.37735288638 5.74524044646 2 100 5
P 4.0577513878 8.27219486465 0 59 1
P 4.9717905642 21.0814894986 0 59 1
P 5.26930883629 9.75574785966 0 59 3
P 5.96041964979 19.4409367042 0 59 3
P 16.1656428914 10.0039713699 0 100 2
P 16.7111042066 17.648036174 0 100 2
P 11.041957318 19.3351661713 0 52 3
P 10.3143779562 9.13890910038 0 52 3
P 20.3737583277 16.3073849986 0 37 1
P 19.9815480147 10.8109712922 0 37 1
P 8.064412419 16.5285818045 0 56 2
P 7.76551459084 12.3398441167 0 56 2
P 10.151673377 23.2136179906 0 71 4
P 8.88240548245 5.42616768134 0 71 4
P 4.19469768312 15.3178739852 0 19 4
P 4.10691935094 14.0877532767 0 19 4
P 21.8431520664 22.1276165942 0 36 5
P 20.6096273541 4.8410692721 0 36 5
P 25.4843511069 11.2969924428 0 43 2
P 25.7517948553 15.0449343904 0 43 2
P 7.99127746865 17.56827926 0 58 3
P 7.54549195554 11.3210656521 0 58 3
P 25.745367058 12.5561465428 0 92 3
P 25.8313763564 13.7614761095 0 92 3
