P 14 14 0 83 0
P 10.1935828652 15.2680636029 1 100 5
P 13.8930431832 9.98934457417 2 100 5
P 22.2297392549 19.7676102166 0 36 1
P 14.6762198663 2.2023243537 0 5 4
P 3.14122430594 18.6614819949 0 5 4
P 13.9520644403 21.4051009676 0 86 4
P 20.9442581823 11.4280170186 0 86 4
P 8.25763483872 18.366510598 0 21 5
P 16.1448833888 7.11228283851 0 21 5
P 13.2708404744 2.62013979405 0 83 1
P 3.05438751854 17.1978835699 0 83 1
P 20.6374914409 9.3267162538 0 12 1
P 11.8722111395 21.8337978124 0 12 1
P 7.20974195197 22.5468242919 0 42 3
P 19.7166930213 4.70079408032 0 42 3
P 20.6922655996 17.5757496189 0 95 2
P 19.644794135 19.0703750716 0 95 2
P 10.2123313367 3.64633420654 0 65 2
P 2.97529645306 13.9727792737 0 65 2
P 22.8246837171 18.6107085036 0 65 2
P 21.3452991284 20.721626018 0 65 2
P 20.8303490016 7.21614340406 0 14 2
P 9.95413464377 22.7352934305 0 14 2
P 6.10994956728 12.0372677507 0 9 4
P 9.4626697699 7.25330835917 0 9 4
