P 14 14 0 24 2
P 21.0182515817 21.8286827565 1 100 5
P 6.98174841829 6.17131724347 2 100 5
P 5.4689650637 21.6478957313 0 7 1
P 22.5310349363 6.3521042687 0 7 1
P 18.372702651 14.8913928886 0 113 3
P 9.62729734899 13.1086071114 0 113 3
P 10.8587897376 7.09550636415 0 86 3
P 17.1412102624 20.9044936359 0 86 3
P 7.23343806698 18.0006241374 0 94 1
P 20.766561933 9.99937586261 0 94 1
P 10.6245759001 5.7180696578 0 10 3
P 17.3754240999 22.2819303422 0 10 3
P 19.7844203063 10.4117018291 0 21 1
P 8.2155796937 17.5882981709 0 21 1
P 17.1583517137 24.2811755249 0 11 4
P 10.8416482863 3.71882447514 0 11 4
P 15.8820679201 4.92585492509 0 90 2
P 12.1179320799 23.0741450749 0 90 2
P 20.3279162174 19.8202077045 0 83 2
P 7.67208378261 8.17979229548 0 83 2
P 5.78215803571 8.5221911018 0 10 1
P 22.2178419643 19.4778088982 0 10 1
P 21.7307359521 14.475006212 0 10 2
P 6.26926404787 13.524993788 0 10 2
P 13.3467363209 16.0407172187 0 85 3
P 14.6532636791 11.9592827813 0 85 3
