P 14 14 0 14 5
P 10.7094278468 21.2022006994 1 100 5
P 17.2905721532 6.79779930056 2 100 5
P 3.81540154515 16.5241801617 0 19 3
P 24.1845984548 11.4758198383 0 19 3
P 16.2118458373 22.6986676491 0 36 5
P 11.7881541627 5.30133235094 0 36 5
P 7.90534507648 17.8157963221 0 96 3
P 20.0946549235 10.1842036779 0 96 3
P 17.9340214083 13.8471409466 0 56 2
P 10.0659785917 14.1528590534 0 56 2
P 11.2167395968 23.3754559712 0 50 5
P 16.7832604032 4.62454402885 0 50 5
P 21.4898862881 20.3983456117 0 18 4
P 6.5101137119 7.60165438828 0 18 4
P 21.5587469308 18.7917179794 0 40 3
P 6.44125306915 9.20828202055 0 40 3
P 10.1220719094 16.8862915024 0 56 3
P 17.8779280906 11.1137084976 0 56 3
P 15.8655302505 21.7115299863 0 65 3
P 12.1344697495 6.28847001369 0 65 3
P 12.2570888275 4.25468488824 0 16 5
P 15.7429111725 23.7453151118 0 16 5
P 5.7453105061 19.1296633258 0 37 4
P 22.2546894939 8.87033667423 0 37 4
P 6.19428790494 5.14856201702 0 19 4
P 21.8057120951 22.851437983 0 19 4
P 16.9095979512 13.0432826825 0 63 3
P 11.0904020488 14.9567173175 0 63 3
