P 14 14 0 51 0
P 5.1080751298 11.7461694833 1 100 5
P 13.7447233672 23.1695645336 2 100 5
P 6.08466748096 19.9843805058 0 65 3
P 12.3462215094 15.2503378394 0 17 3
P 8.51788301964 18.1447499406 0 3 1
P 5.17859681888 20.6694144692 0 79 2
P 13.3004845042 4.82861594053 0 15 3
P 22.6334181835 17.1729635932 0 15 3
P 7.55327867557 11.8572516303 0 86 3
P 14.3043613298 20.7866744869 0 86 3
P 11.5384490485 4.46223401421 0 4 5
P 22.5056306001 18.9681446417 0 4 5
P 11.8229659694 6.76448733695 0 87 4
P 20.3681101194 18.0668531047 0 87 4
P 21.7771396518 13.5209116923 0 50 4
P 16.5808400503 6.64794644984 0 50 4
P 15.2680392067 5.13361074955 0 68 2
P 22.8762887966 15.19677858 0 68 2
P 14.1191303014 19.1584804861 0 71 2
P 9.06932772804 12.4792817813 0 71 2
P 20.673492984 6.70726931884 0 83 3
P 22.8356388113 9.56706460775 0 83 3
P 23.790521438 12.1204512178 0 50 2
P 18.4770771914 5.0925428166 0 50 2
P 13.7384192273 16.1860910372 0 14 2
P 11.8253877472 13.6557906544 0 14 2
