P 14 14 0 50 2
P 16.1135331006 17.9873615649 1 100 5
P 15.8379823718 9.87836255627 2 100 5
P 8.34212729629 14.1922593584 0 33 5
P 12.1820043188 14.0617770497 0 59 1
P 6.27512691316 14.2624978011 0 4 3
P 18.0127901086 17.1399667095 0 10 5
P 17.7903822824 10.594874812 0 10 5
P 15.3974801321 25.0289067934 0 38 1
P 14.6455776259 2.9016683548 0 38 1
P 17.6852957926 19.9044760041 0 25 2
P 17.2759793187 7.8589739078 0 25 2
P 8.46520237564 7.75959159181 0 42 5
P 8.90158936697 20.6017339283 0 42 5
P 10.9414489589 13.5745012967 0 66 3
P 10.9773884891 14.6321418132 0 66 3
P 18.8687075855 12.4197913546 0 74 5
P 18.9647465952 15.2460594535 0 74 5
P 9.4309455028 4.47202741606 0 6 3
P 10.0882755777 23.8161567124 0 6 3
P 17.3733443553 21.340892682 0 21 3
P 16.8672387265 6.44704696206 0 21 3
P 25.0270983722 11.1166104231 0 72 1
P 25.197395873 16.128182235 0 72 1
P 2.19198439707 12.5884420501 0 18 4
P 2.31504359387 16.2098692522 0 18 4
P 23.447883875 9.44772343731 0 29 1
P 23.7351138047 17.9004218781 0 29 1
