P 14 14 0 4 1
P 17.0920348118 10.0153114011 1 100 5
P 10.9079651882 17.9846885989 2 100 5
P 5.51961249169 9.17774125783 0 35 4
P 22.4803875083 18.8222587422 0 35 4
P 20.7470812443 8.27591383687 0 66 3
P 7.25291875567 19.7240861631 0 66 3
P 9.53016588199 24.4562736156 0 71 3
P 18.469834118 3.54372638441 0 71 3
P 17.6139401931 5.24356289134 0 67 2
P 10.3860598069 22.7564371087 0 67 2
P 20.0824301244 20.0880239532 0 43 4
P 7.9175698756 7.91197604675 0 43 4
P 3.69919397651 16.8313473679 0 2 5
P 24.3008060235 11.1686526321 0 2 5
P 19.299057998 15.9041205054 0 78 3
P 8.70094200204 12.0958794946 0 78 3
P 12.3840291715 2.77296641915 0 89 3
P 15.6159708285 25.2270335808 0 89 3
P 7.21965785303 22.9744722364 0 20 4
P 20.780342147 5.02552776364 0 20 4
P 9.64131895641 17.7347293213 0 36 1
P 18.3586810436 10.2652706787 0 36 1
P 8.98642610959 21.7799820334 0 52 2
P 19.0135738904 6.22001796663 0 52 2
P 8.05678532259 19.0905932485 0 97 2
P 19.9432146774 8.90940675154 0 97 2
P 6.20353618829 6.75781140989 0 52 1
P 21.7964638117 21.2421885901 0 52 1
