P 14 14 0 38 1
P 8.52272091707 15.5458960945 1 100 5
P 19.4772790829 12.4541039055 2 100 5
P 10.7494115456 2.48280928323 0 86 3
P 17.2505884544 25.5171907168 0 86 3
P 4.89275576151 17.1067081893 0 81 3
P 23.1072442385 10.8932918107 0 81 3
P 19.3187793324 16.9838747284 0 65 3
P 8.68122066764 11.0161252716 0 65 3
P 11.7892531054 21.2268752815 0 88 3
P 16.2107468946 6.77312471851 0 88 3
P 21.8518146696 22.7066186618 0 70 5
P 6.14818533042 5.29338133822 0 70 5
P 2.82361865251 16.9503439962 0 61 2
P 25.1763813475 11.0496560038 0 61 2
P 19.9355259773 7.08262165011 0 66 3
P 8.06447402272 20.9173783499 0 66 3
P 20.4117641009 20.9822231969 0 33 5
P 7.58823589909 7.01777680312 0 33 5
P 12.3798600057 8.20326395398 0 22 2
P 15.6201399943 19.796736046 0 22 2
P 2.57713780107 11.0293082516 0 84 5
P 25.4228621989 16.9706917484 0 84 5
P 21.9794568355 13.96738408 0 66 5
P 6.02054316455 14.03261592 0 66 5
