P 14 14 0 100 4
P 23.991717213 13.4720426289 1 100 5
P 4.00828278696 14.5279573711 2 100 5
P 13.6927019075 8.18431144665 0 95 5
P 14.3072980925 19.8156885533 0 95 5
P 13.394703383 2.54461939925 0 3 2
P 14.605296617 25.4553806007 0 3 2
P 8.9894430099 21.1791842642 0 17 2
P 19.0105569901 6.8208157358 0 17 2
P 12.0711327827 7.66972919756 0 36 4
P 15.9288672173 20.3302708024 0 36 4
P 8.59053021033 19.2526550423 0 32 5
P 19.4094697897 8.74734495767 0 32 5
P 22.1031809531 10.5284393223 0 77 5
P 5.8968190469 17.4715606777 0 77 5
P 17.7117722875 2.94724664986 0 49 3
P 10.2882277125 25.0527533501 0 49 3
