P 14 14 0 34 4
P 18.5065815621 6.71693151434 1 100 5
P 11.9277585899 5.68987488176 2 100 5
P 12.5937668786 23.0076422951 0 26 3
P 12.3669082275 24.4607879722 0 9 4
P 13.6401562108 16.3049834951 0 73 2
P 6.74366413612 14.131416712 0 9 4
P 20.8709912973 16.3369123034 0 9 4
P 5.84830918956 12.0851552664 0 100 5
P 22.3474468207 14.6609273775 0 100 5
P 4.55874646345 18.0575260651 0 30 2
P 21.7552531958 20.742168344 0 30 2
P 19.953812187 19.2129903431 0 80 5
P 6.74056417942 17.1501967308 0 80 5
P 18.32115178 9.9949538133 0 66 1
P 11.1052155654 8.86843389008 0 66 1
P 15.2070956267 24.5060734398 0 37 5
P 9.6480663363 23.638222469 0 37 5
