P 14 14 0 86 4
P 20.7013182074 10.2168789108 1 100 5
P 7.29868179265 17.7831210892 2 100 5
P 8.85205021118 4.88106120924 0 1 5
P 19.1479497888 23.1189387908 0 1 5
P 7.86029600898 10.8549698325 0 29 5
P 20.139703991 17.1450301675 0 29 5
P 15.2285598283 22.6379455786 0 14 3
P 12.7714401717 5.36205442137 0 14 3
P 18.5578507461 9.74280901884 0 10 1
P 9.44214925388 18.2571909812 0 10 1
P 16.3448731006 4.16230432214 0 42 5
P 11.6551268994 23.8376956779 0 42 5
P 8.30235269045 18.7574029518 0 97 3
P 19.6976473096 9.2425970482 0 97 3
P 24.7981103414 16.701902054 0 81 4
P 3.20188965857 11.298097946 0 81 4
P 2.09524885711 14.2009999328 0 45 3
P 25.9047511429 13.7990000672 0 45 3
P 16.9211296372 11.8668745942 0 75 5
P 11.0788703628 16.1331254058 0 75 5
P 13.4943320411 25.1873453606 0 3 1
P 14.5056679589 2.81265463936 0 3 1
P 12.2407038249 7.85271562804 0 66 1
P 15.7592961751 20.147284372 0 66 1
