P 14 14 0 66 3
P 4.811056311 19.264979709 1 100 5
P 14.7118952676 24.56645175 2 100 5
P 8.92636004107 23.4753479353 0 67 1
P 9.79665997543 21.8500070059 0 35 2
P 10.3259054607 20.8616071279 0 6 3
P 24.1342736858 20.3529743284 0 9 3
P 3.09460689831 9.08714062348 0 9 3
P 19.050607176 17.7261759667 0 79 4
P 8.09896848666 11.8620460108 0 79 4
P 16.7148123698 2.94858803083 0 18 4
P 21.6929843286 5.61418430712 0 18 4
P 22.6628771831 10.6010286932 0 25 4
P 12.0266759607 4.90580188971 0 25 4
P 21.5041041098 11.9329258295 0 67 3
P 11.5605192959 6.60856522648 0 67 3
P 15.2711966747 6.82971367292 0 78 3
P 19.2630428499 8.96717505194 0 78 3
P 3.48367201681 12.6975707986 0 90 3
P 20.9136872137 22.0305918329 0 90 3
P 15.4526351167 19.608853975 0 43 3
P 8.52656721643 15.9002434737 0 43 3
P 20.4824627808 9.06319729679 0 68 2
P 14.5152970524 5.86803753186 0 68 2
P 6.9594479462 17.8514083003 0 61 5
P 14.6974362617 21.9947671497 0 61 5
P 14.2819822653 3.24848450566 0 56 3
P 22.7920166505 7.80524071175 0 56 3
