P 14 14 0 69 0
P 19.1816789444 22.260047419 1 100 5
P 19.8888587419 6.22828701226 2 100 5
P 21.5226507863 14.3318329694 0 25 2
P 25.1423677612 14.4915029403 0 3 1
P 17.0873997662 14.1361888331 0 22 2
P 23.2990536884 14.4101921896 0 20 4
P 18.2284593586 14.186522313 0 84 3
P 14.9177210606 25.6419188227 0 84 1
P 15.9392394485 2.48410506383 0 84 1
P 21.3670059539 18.7283168558 0 44 3
P 21.7547253822 9.93872048968 0 44 3
P 4.81329299239 10.4419851485 0 23 1
P 4.5356876323 16.7352964618 0 23 1
P 13.9010823912 25.4445326597 0 14 1
P 14.909169385 2.59120849859 0 14 1
P 9.44512108766 23.975394603 0 86 2
P 10.34115608 3.66228842731 0 86 2
P 10.9990044992 22.548716378 0 65 3
P 11.7633836799 5.22024640757 0 65 3
P 3.43493903777 11.8190004532 0 99 4
P 3.283934856 15.2422640574 0 99 4
P 20.7811551287 10.6406864432 0 93 1
P 20.4590258999 17.9433535064 0 93 1
