P 14 14 0 39 4
P 24.6671117693 11.1628258923 1 100 5
P 3.33288823072 16.8371741077 2 100 5
P 11.2746858206 3.75345542634 0 34 5
P 16.7253141794 24.2465445737 0 34 5
P 11.7947972421 5.70895285236 0 60 2
P 16.2052027579 22.2910471476 0 60 2
P 11.7566282984 19.1289237844 0 75 4
P 16.2433717016 8.87107621558 0 75 4
P 18.7579220769 18.3132093784 0 16 2
P 9.2420779231 9.68679062164 0 16 2
P 2.1529844996 14.9618431631 0 98 4
P 25.8470155004 13.0381568369 0 98 4
P 15.250947939 24.9371379241 0 95 5
P 12.749052061 3.06286207592 0 95 5
P 5.52137519788 16.9773367247 0 91 2
P 22.4786248021 11.0226632753 0 91 2
P 21.9852557941 12.1355402002 0 13 5
P 6.01474420589 15.8644597998 0 13 5
P 8.85403453811 18.2806868306 0 39 3
P 19.1459654619 9.7193131694 0 39 3
P 23.9257239457 15.1371736615 0 70 2
P 4.07427605427 12.8628263385 0 70 2
P 9.30920111827 13.1214572739 0 69 3
P 18.6907988817 14.8785427261 0 69 3
