P 14 14 0 62 2
P 17.3218332815 4.68745870118 1 100 5
P 11.8702126956 4.34484553048 2 100 5
P 14.4122570282 7.44021452158 0 53 1
P 14.2773074482 9.58751641063 0 82 5
P 19.7329426714 19.3578249957 0 25 4
P 7.64137762149 18.5979171159 0 25 4
P 17.118051894 22.7504092811 0 92 3
P 9.81095004009 22.2911863225 0 92 3
P 5.27546377796 8.46995298509 0 77 5
P 23.3482393058 9.60575670242 0 77 5
P 12.7076711948 20.7713666979 0 62 4
P 14.434400684 20.8798849368 0 62 4
P 19.4581915187 5.90742733655 0 84 4
P 9.59792641439 5.28774798834 0 84 4
