P 14 14 0 61 3
P 20.5800372645 17.6431822874 1 100 5
P 7.41996273549 10.3568177126 2 100 5
P 8.61920181894 23.7183862213 0 21 5
P 19.3807981811 4.28161377865 0 21 5
P 9.97294305479 21.2733623176 0 72 4
P 18.0270569452 6.72663768237 0 72 4
P 20.6977855814 12.4812320518 0 46 2
P 7.30221441856 15.5187679482 0 46 2
P 20.5048139224 6.06405195067 0 2 2
P 7.49518607763 21.9359480493 0 2 2
P 17.1177526175 2.48361315912 0 72 2
P 10.8822473825 25.5163868409 0 72 2
P 15.3680902994 24.5836512952 0 46 2
P 12.6319097006 3.41634870483 0 46 2
P 10.0402895067 5.18550709978 0 4 4
P 17.9597104933 22.8144929002 0 4 4
P 23.9844725759 7.93931738333 0 34 3
P 4.01552742412 20.0606826167 0 34 3
P 23.3340755332 9.58756467504 0 46 4
P 4.66592446682 18.412435325 0 46 4
P 17.7839639627 13.4582607246 0 9 5
P 10.2160360373 14.5417392754 0 9 5
P 4.75417414205 21.5421665273 0 26 3
P 23.2458258579 6.45783347267 0 26 3
