P 14 14 0 22 3
P 11.1834366808 19.8073025987 1 100 5
P 16.8165633192 8.19269740133 2 100 5
P 4.09767565354 9.19733593094 0 16 3
P 23.9023243465 18.8026640691 0 16 3
P 23.6111257892 9.47220045889 0 3 1
P 4.38887421082 18.5277995411 0 3 1
P 2.84870485716 11.8842814673 0 53 1
P 25.1512951428 16.1157185327 0 53 1
P 3.2141283153 18.8854331653 0 79 3
P 24.7858716847 9.11456683466 0 79 3
P 17.2228790632 5.38503736063 0 75 3
P 10.7771209368 22.6149626394 0 75 3
P 21.4597595742 6.46494549768 0 35 1
P 6.54024042577 21.5350545023 0 35 1
P 9.17795208536 20.9159553746 0 34 4
P 18.8220479146 7.0840446254 0 34 4
