P 14 14 0 29 1
P 12.0524876128 5.58061646202 1 100 5
P 15.9475123872 22.419383538 2 100 5
P 7.21772920752 15.5688270195 0 17 1
P 20.7822707925 12.4311729805 0 17 1
P 10.3303592607 14.8488354004 0 48 1
P 17.6696407393 13.1511645996 0 48 1
P 4.35914498816 16.2976888623 0 30 5
P 23.6408550118 11.7023111377 0 30 5
P 22.6156210501 16.1873167799 0 28 1
P 5.38437894985 11.8126832201 0 28 1
P 25.0396148598 12.967791603 0 70 3
P 2.96038514022 15.032208397 0 70 3
P 21.8925463639 9.41236408671 0 63 3
P 6.1074536361 18.5876359133 0 63 3
P 23.1209975409 8.7686900906 0 79 3
P 4.87900245906 19.2313099094 0 79 3
P 14.2681718475 21.7595342115 0 85 3
P 13.7318281525 6.24046578852 0 85 3
P 5.22059365086 12.9776106722 0 12 5
P 22.7794063491 15.0223893278 0 12 5
P 19.3702144414 15.5570791125 0 6 1
P 8.62978555856 12.4429208875 0 6 1
P 5.82168295744 5.24794617259 0 40 1
P 22.1783170426 22.7520538274 0 40 1
P 19.5851278805 11.5767970801 0 11 5
P 8.41487211953 16.4232029199 0 11 5
