P 14 14 0 26 0
P 4.73541421018 15.7256453412 1 100 5
P 20.2351990055 6.93369296858 2 100 5
P 10.7149083803 8.20854311068 0 7 4
P 9.58383217567 6.21451072567 0 41 5
P 8.56488616553 4.41815842461 0 95 1
P 11.2609309668 9.17115439728 0 54 2
P 15.8303374362 25.0306290464 0 35 5
P 22.5283833739 21.2312923684 0 35 5
P 5.29201416876 14.8780100975 0 94 3
P 19.2220555609 6.97646423183 0 94 3
P 23.7093909389 18.7091659383 0 76 3
P 13.0595632542 24.7500741842 0 76 3
P 8.07388307001 18.4276302206 0 35 1
P 20.8412002128 11.1856171393 0 35 1
P 17.2907470054 10.6778378817 0 16 3
P 9.45995171247 15.1197046666 0 16 3
P 14.4241437725 5.65443430872 0 57 2
P 6.61933668668 10.081559787 0 57 2
P 24.5225757477 9.26217116353 0 17 2
P 4.53390671397 20.6003560775 0 17 2
P 3.86304831463 17.7549311346 0 57 5
P 22.4245891894 7.22625699575 0 57 5
P 4.89211459897 12.753756785 0 58 1
P 17.6040109754 5.54318005878 0 58 1
P 16.9985234037 23.7115997228 0 58 5
P 20.7968092407 21.5570957334 0 58 5
P 15.7614038339 22.5551875372 0 35 2
P 20.4390797722 19.9018665648 0 35 2
