P 14 14 0 36 2
P 6.98113725439 23.0228100079 1 100 5
P 21.0188627456 4.97718999209 2 100 5
P 13.0871180502 11.6074321523 0 23 3
P 14.9128819498 16.3925678477 0 23 3
P 23.8579471674 12.6405394988 0 52 5
P 4.14205283259 15.3594605012 0 52 5
P 4.63592110189 18.7856108081 0 62 2
P 23.3640788981 9.2143891919 0 62 2
P 21.2917939079 17.8431136397 0 51 1
P 6.70820609211 10.1568863603 0 51 1
P 3.38995395364 9.78518262229 0 22 2
P 24.6100460464 18.2148173777 0 22 2
P 19.5038589013 7.29284698374 0 25 3
P 8.49614109866 20.7071530163 0 25 3
