P 14 14 0 7 3
P 6.14567950052 10.7280615798 1 100 5
P 13.2810577828 5.52184845485 2 100 5
P 7.45838650039 5.03438799446 0 61 1
P 9.05049230794 7.21644949092 0 97 2
P 24.0433195754 14.7184763268 0 32 2
P 11.6192665194 23.78348529 0 32 2
P 10.1068041761 3.77127008686 0 50 3
P 5.44730061793 7.17100134431 0 50 3
P 17.6697268976 10.100138333 0 71 2
P 9.16627536991 16.30454393 0 71 2
P 12.4883050778 16.967331944 0 59 3
P 17.2871088237 13.4659625621 0 59 3
P 8.39250456033 11.7931567858 0 19 5
P 13.6096777797 7.98653089787 0 19 5
P 6.68352713661 14.5402154062 0 43 1
P 16.7472259299 7.19740067797 0 43 1
P 4.5225518191 17.7717756643 0 96 1
P 20.4841006595 6.12569023207 0 96 1
P 4.53263820622 15.4242051669 0 52 4
P 18.2454374036 5.41888346754 0 52 4
