P 14 14 0 49 2
P 18.1719088359 4.21439778464 1 100 5
P 9.8280911641 23.7856022154 2 100 5
P 7.66762576113 11.3003104502 0 72 4
P 20.3323742389 16.6996895498 0 72 4
P 13.2688436657 25.6653429682 0 62 1
P 14.7311563343 2.33465703185 0 62 1
P 5.92491374523 18.4354707617 0 75 4
P 22.0750862548 9.56452923829 0 75 4
P 6.47303739658 11.4452211708 0 9 1
P 21.5269626034 16.5547788292 0 9 1
P 18.8853536062 7.81928449805 0 1 2
P 9.11464639381 20.180715502 0 1 2
P 19.4226438809 22.4053772454 0 96 4
P 8.57735611909 5.59462275457 0 96 4
P 23.6533800265 14.5406991579 0 23 1
P 4.34661997352 13.4593008421 0 23 1
P 19.734267868 19.7537606741 0 50 3
P 8.26573213196 8.24623932589 0 50 3
P 10.0453527252 17.128564199 0 13 3
P 17.9546472748 10.871435801 0 13 3
