P 14 14 0 30 2
P 18.7218610969 12.379575231 1 100 5
P 15.2449893679 9.16556620437 2 100 5
P 8.92826850722 19.4865309021 0 48 5
P 6.69870960145 21.8984377336 0 62 1
P 7.95097714769 20.543751548 0 91 3
P 10.1340345973 18.1821493663 0 33 4
P 15.2531466062 25.7281710417 0 21 2
P 2.20966447772 13.6708181777 0 21 2
P 7.73476037685 10.0586002595 0 89 1
P 18.4207745025 19.9367172956 0 89 1
P 4.51980136028 18.3762145928 0 80 3
P 10.3810172193 23.7943036529 0 80 3
P 19.490840461 20.4680025942 0 77 3
P 7.1211633965 9.03351296084 0 77 3
P 24.4294616085 17.562742155 0 37 5
P 9.63002306622 3.8821888383 0 37 5
P 11.6508199524 8.33329474657 0 61 2
P 19.8335383697 15.8973732934 0 61 2
P 24.7034283364 11.4036216596 0 59 5
P 15.7486669952 3.12586912074 0 59 5
P 7.43627257038 12.7451190698 0 4 1
P 15.7659529698 20.4450487995 0 4 1
