P 14 14 0 25 2
P 8.58238447358 6.51423073489 1 100 5
P 19.4176155264 21.4857692651 2 100 5
P 8.62493688631 17.8900511556 0 70 5
P 19.3750631137 10.1099488444 0 70 5
P 21.1710892426 4.66644372171 0 35 3
P 6.82891075743 23.3335562783 0 35 3
P 22.301102451 10.5853746036 0 12 5
P 5.69889754895 17.4146253964 0 12 5
P 25.8819870632 13.0892779758 0 48 5
P 2.11801293681 14.9107220242 0 48 5
P 24.7647116792 9.59176098758 0 46 3
P 3.23528832077 18.4082390124 0 46 3
P 23.6094398323 11.5724742118 0 88 3
P 4.39056016766 16.4275257882 0 88 3
P 14.9741313394 24.1995988943 0 3 1
P 13.0258686606 3.80040110567 0 3 1
P 7.04725179393 17.9197511999 0 22 3
P 20.9527482061 10.0802488001 0 22 3
P 8.95690488113 9.68886017033 0 84 5
P 19.0430951189 18.3111398297 0 84 5
P 6.20981367909 13.5941484421 0 21 2
P 21.7901863209 14.4058515579 0 21 2
