P 14 14 0 78 4
P 10.7217319974 16.1398280791 1 100 5
P 17.2782680026 11.8601719209 2 100 5
P 11.3514747241 9.94239567621 0 75 3
P 16.6485252759 18.0576043238 0 75 3
P 8.32498206266 5.30573624145 0 20 3
P 19.6750179373 22.6942637585 0 20 3
P 19.7249903351 16.9989612408 0 84 2
P 8.27500966492 11.0010387592 0 84 2
P 4.44035788229 7.90701955882 0 42 3
P 23.5596421177 20.0929804412 0 42 3
P 16.4188812396 22.1850730099 0 33 5
P 11.5811187604 5.81492699005 0 33 5
P 25.573112299 11.899575622 0 87 2
P 2.42688770101 16.100424378 0 87 2
P 8.79329346588 16.5647618013 0 82 4
P 19.2067065341 11.4352381987 0 82 4
P 3.19766836108 14.7907963114 0 93 3
P 24.8023316389 13.2092036886 0 93 3
P 5.06404161623 17.9834835723 0 71 1
P 22.9359583838 10.0165164277 0 71 1
P 19.1999617714 20.0469360923 0 91 3
P 8.80003822857 7.95306390775 0 91 3
P 17.7793444297 24.9477372427 0 56 5
P 10.2206555703 3.05226275733 0 56 5
