P 14 14 0 9 4
P 19.3389165437 17.7197875869 1 100 5
P 8.66108345627 10.2802124131 2 100 5
P 8.60485837365 21.7435095989 0 89 5
P 19.3951416264 6.25649040112 0 89 5
P 7.9051517957 22.7477806594 0 8 1
P 20.0948482043 5.25221934061 0 8 1
P 23.6501734439 20.0420518285 0 2 2
P 4.34982655615 7.95794817146 0 2 2
P 9.40491257636 4.24382779242 0 97 4
P 18.5950874236 23.7561722076 0 97 4
P 22.0734117251 9.20186449537 0 21 1
P 5.92658827491 18.7981355046 0 21 1
P 9.49568849506 24.0734690868 0 73 3
P 18.5043115049 3.92653091318 0 73 3
P 22.2941799455 20.6655088857 0 38 2
P 5.70582005453 7.33449111425 0 38 2
P 3.33356931933 12.6468567599 0 35 3
P 24.6664306807 15.3531432401 0 35 3
P 10.8882631841 17.5850564784 0 33 3
P 17.1117368159 10.4149435216 0 33 3
P 19.1463053008 14.0520165481 0 35 4
P 8.85369469924 13.9479834519 0 35 4
P 17.3607002531 8.0029244825 0 32 5
P 10.6392997469 19.9970755175 0 32 5
P 8.69560176556 18.3705779368 0 37 1
P 19.3043982344 9.6294220632 0 37 1
P 21.8795974963 22.9702382447 0 72 4
P 6.12040250369 5.02976175529 0 72 4
